<?xml version="1.0"?>
<opencv_storage>
<P type_id="opencv-matrix">
  <rows>4</rows>
  <cols>4</cols>
  <dt>f</dt>
  <data>
    -3.73777930e+03 -1.71224243e+03 -1.37244263e+02 17596554.
    1.01381607e+01 -5.09607239e+01 -3.41753223e+03 13238388.
    1.93086073e-01 -9.70711112e-01 -1.42961055e-01 1.83297559e+04 0. 0.
    0. 1.</data></P>
<IntrinsicCam type_id="opencv-matrix">
  <rows>3</rows>
  <cols>3</cols>
  <dt>f</dt>
  <data>
    4000. 0. 960. 0. 3375. 540. 0. 0. 1.</data></IntrinsicCam>
<DistortionCam type_id="opencv-matrix">
  <rows>1</rows>
  <cols>5</cols>
  <dt>f</dt>
  <data>
    0. 0. 0. 0. 0.</data></DistortionCam>
<RT type_id="opencv-matrix">
  <rows>4</rows>
  <cols>4</cols>
  <dt>f</dt>
  <data>
    -9.80785489e-01 -1.95089921e-01 -4.10912918e-07 -2.91524408e-03
    -2.78898720e-02 1.40214309e-01 -9.89728391e-01 9.89724487e+02
    1.93086073e-01 -9.70711112e-01 -1.42961055e-01 1.83297559e+04 0. 0.
    0. 1.</data></RT>
<R type_id="opencv-matrix">
  <rows>3</rows>
  <cols>3</cols>
  <dt>f</dt>
  <data>
    -9.80785489e-01 -1.95089921e-01 -4.10912918e-07 -2.78898720e-02
    1.40214309e-01 -9.89728391e-01 1.93086073e-01 -9.70711112e-01
    -1.42961055e-01</data></R>
<t type_id="opencv-matrix">
  <rows>3</rows>
  <cols>1</cols>
  <dt>f</dt>
  <data>
    -2.91524408e-03 9.89724487e+02 1.83297559e+04</data></t>
</opencv_storage>
