<?xml version="1.0"?>
<opencv_storage>
<P type_id="opencv-matrix">
  <rows>4</rows>
  <cols>4</cols>
  <dt>f</dt>
  <data>
    8.50579590e+02 4.01234863e+03 -3.14918304e+02 18200418.
    5.42207153e+02 -2.49881256e+02 -3.36538208e+03 13425975.
    -8.57937753e-01 3.95389020e-01 -3.28040123e-01 1.89587695e+04 0. 0.
    0. 1.</data></P>
<IntrinsicCam type_id="opencv-matrix">
  <rows>3</rows>
  <cols>3</cols>
  <dt>f</dt>
  <data>
    4000. 0. 960. 0. 3375. 540. 0. 0. 1.</data></IntrinsicCam>
<DistortionCam type_id="opencv-matrix">
  <rows>1</rows>
  <cols>5</cols>
  <dt>f</dt>
  <data>
    0. 0. 0. 0. 0.</data></DistortionCam>
<RT type_id="opencv-matrix">
  <rows>4</rows>
  <cols>4</cols>
  <dt>f</dt>
  <data>
    4.18549955e-01 9.08193767e-01 5.14505594e-08 1.22384081e-04
    2.97924012e-01 -1.37301132e-01 -9.44663823e-01 9.44663513e+02
    -8.57937753e-01 3.95389020e-01 -3.28040123e-01 1.89587695e+04 0. 0.
    0. 1.</data></RT>
<R type_id="opencv-matrix">
  <rows>3</rows>
  <cols>3</cols>
  <dt>f</dt>
  <data>
    4.18549955e-01 9.08193767e-01 5.14505594e-08 2.97924012e-01
    -1.37301132e-01 -9.44663823e-01 -8.57937753e-01 3.95389020e-01
    -3.28040123e-01</data></R>
<t type_id="opencv-matrix">
  <rows>3</rows>
  <cols>1</cols>
  <dt>f</dt>
  <data>
    1.22384081e-04 9.44663513e+02 1.89587695e+04</data></t>
</opencv_storage>
