<?xml version="1.0"?>
<opencv_storage>
<P type_id="opencv-matrix">
  <rows>4</rows>
  <cols>4</cols>
  <dt>f</dt>
  <data>
    4.27503174e+02 4.07914893e+03 -3.15256897e+02 18181544.
    5.66505005e+02 -1.92361740e+02 -3.36515894e+03 13414950.
    -8.94386053e-01 3.03696901e-01 -3.28392744e-01 1.89391133e+04 0. 0.
    0. 1.</data></P>
<IntrinsicCam type_id="opencv-matrix">
  <rows>3</rows>
  <cols>3</cols>
  <dt>f</dt>
  <data>
    4000. 0. 960. 0. 3375. 540. 0. 0. 1.</data></IntrinsicCam>
<DistortionCam type_id="opencv-matrix">
  <rows>1</rows>
  <cols>5</cols>
  <dt>f</dt>
  <data>
    0. 0. 0. 0. 0.</data></DistortionCam>
<RT type_id="opencv-matrix">
  <rows>4</rows>
  <cols>4</cols>
  <dt>f</dt>
  <data>
    3.21528435e-01 9.46899951e-01 2.98980218e-08 -1.18918600e-03
    3.10955107e-01 -1.05587572e-01 -9.44541276e-01 9.44541992e+02
    -8.94386053e-01 3.03696901e-01 -3.28392744e-01 1.89391133e+04 0. 0.
    0. 1.</data></RT>
<R type_id="opencv-matrix">
  <rows>3</rows>
  <cols>3</cols>
  <dt>f</dt>
  <data>
    3.21528435e-01 9.46899951e-01 2.98980218e-08 3.10955107e-01
    -1.05587572e-01 -9.44541276e-01 -8.94386053e-01 3.03696901e-01
    -3.28392744e-01</data></R>
<t type_id="opencv-matrix">
  <rows>3</rows>
  <cols>1</cols>
  <dt>f</dt>
  <data>
    -1.18918600e-03 9.44541992e+02 1.89391133e+04</data></t>
</opencv_storage>
