<?xml version="1.0"?>
<opencv_storage>
<P type_id="opencv-matrix">
  <rows>4</rows>
  <cols>4</cols>
  <dt>f</dt>
  <data>
    -2.24523926e+00 4.10153369e+03 -3.14676971e+02 18213896.
    5.81436890e+02 -1.31500061e+02 -3.36554102e+03 13433850.
    -9.21477973e-01 2.08405942e-01 -3.27788740e-01 1.89728008e+04 0. 0.
    0. 1.</data></P>
<IntrinsicCam type_id="opencv-matrix">
  <rows>3</rows>
  <cols>3</cols>
  <dt>f</dt>
  <data>
    4000. 0. 960. 0. 3375. 540. 0. 0. 1.</data></IntrinsicCam>
<DistortionCam type_id="opencv-matrix">
  <rows>1</rows>
  <cols>5</cols>
  <dt>f</dt>
  <data>
    0. 0. 0. 0. 0.</data></DistortionCam>
<RT type_id="opencv-matrix">
  <rows>4</rows>
  <cols>4</cols>
  <dt>f</dt>
  <data>
    2.20593393e-01 9.75365937e-01 5.40821148e-08 1.81265385e-03
    3.19714069e-01 -7.23079294e-02 -9.44751143e-01 9.44752075e+02
    -9.21477973e-01 2.08405942e-01 -3.27788740e-01 1.89728008e+04 0. 0.
    0. 1.</data></RT>
<R type_id="opencv-matrix">
  <rows>3</rows>
  <cols>3</cols>
  <dt>f</dt>
  <data>
    2.20593393e-01 9.75365937e-01 5.40821148e-08 3.19714069e-01
    -7.23079294e-02 -9.44751143e-01 -9.21477973e-01 2.08405942e-01
    -3.27788740e-01</data></R>
<t type_id="opencv-matrix">
  <rows>3</rows>
  <cols>1</cols>
  <dt>f</dt>
  <data>
    1.81265385e-03 9.44752075e+02 1.89728008e+04</data></t>
</opencv_storage>
