<?xml version="1.0"?>
<opencv_storage>
<P type_id="opencv-matrix">
  <rows>4</rows>
  <cols>4</cols>
  <dt>f</dt>
  <data>
    -4.30043182e+02 4.07887451e+03 -3.15353790e+02 18176160.
    5.94479614e+02 -7.03975143e+01 -3.36509521e+03 13411797.
    -9.37952578e-01 1.11071959e-01 -3.28493774e-01 1.89334941e+04 0. 0.
    0. 1.</data></P>
<IntrinsicCam type_id="opencv-matrix">
  <rows>3</rows>
  <cols>3</cols>
  <dt>f</dt>
  <data>
    4000. 0. 960. 0. 3375. 540. 0. 0. 1.</data></IntrinsicCam>
<DistortionCam type_id="opencv-matrix">
  <rows>1</rows>
  <cols>5</cols>
  <dt>f</dt>
  <data>
    0. 0. 0. 0. 0.</data></DistortionCam>
<RT type_id="opencv-matrix">
  <rows>4</rows>
  <cols>4</cols>
  <dt>f</dt>
  <data>
    1.17597818e-01 9.93061364e-01 6.38830500e-08 1.25467195e-03
    3.26214522e-01 -3.86300385e-02 -9.44506228e-01 9.44506714e+02
    -9.37952578e-01 1.11071959e-01 -3.28493774e-01 1.89334941e+04 0. 0.
    0. 1.</data></RT>
<R type_id="opencv-matrix">
  <rows>3</rows>
  <cols>3</cols>
  <dt>f</dt>
  <data>
    1.17597818e-01 9.93061364e-01 6.38830500e-08 3.26214522e-01
    -3.86300385e-02 -9.44506228e-01 -9.37952578e-01 1.11071959e-01
    -3.28493774e-01</data></R>
<t type_id="opencv-matrix">
  <rows>3</rows>
  <cols>1</cols>
  <dt>f</dt>
  <data>
    1.25467195e-03 9.44506714e+02 1.89334941e+04</data></t>
</opencv_storage>
