<?xml version="1.0"?>
<opencv_storage>
<P type_id="opencv-matrix">
  <rows>4</rows>
  <cols>4</cols>
  <dt>f</dt>
  <data>
    -8.54896423e+02 4.01147266e+03 -3.14388519e+02 18230036.
    5.95000366e+02 -7.74847507e+00 -3.36573022e+03 13443277.
    -9.44775224e-01 1.23039102e-02 -3.27488154e-01 1.89896211e+04 0. 0.
    0. 1.</data></P>
<IntrinsicCam type_id="opencv-matrix">
  <rows>3</rows>
  <cols>3</cols>
  <dt>f</dt>
  <data>
    4000. 0. 960. 0. 3375. 540. 0. 0. 1.</data></IntrinsicCam>
<DistortionCam type_id="opencv-matrix">
  <rows>1</rows>
  <cols>5</cols>
  <dt>f</dt>
  <data>
    0. 0. 0. 0. 0.</data></DistortionCam>
<RT type_id="opencv-matrix">
  <rows>4</rows>
  <cols>4</cols>
  <dt>f</dt>
  <data>
    1.30219450e-02 9.99915242e-01 3.15531921e-08 1.97461050e-05
    3.27460438e-01 -4.26447019e-03 -9.44855332e-01 9.44853821e+02
    -9.44775224e-01 1.23039102e-02 -3.27488154e-01 1.89896211e+04 0. 0.
    0. 1.</data></RT>
<R type_id="opencv-matrix">
  <rows>3</rows>
  <cols>3</cols>
  <dt>f</dt>
  <data>
    1.30219450e-02 9.99915242e-01 3.15531921e-08 3.27460438e-01
    -4.26447019e-03 -9.44855332e-01 -9.44775224e-01 1.23039102e-02
    -3.27488154e-01</data></R>
<t type_id="opencv-matrix">
  <rows>3</rows>
  <cols>1</cols>
  <dt>f</dt>
  <data>
    1.97461050e-05 9.44853821e+02 1.89896211e+04</data></t>
</opencv_storage>
