<?xml version="1.0"?>
<opencv_storage>
<P type_id="opencv-matrix">
  <rows>4</rows>
  <cols>4</cols>
  <dt>f</dt>
  <data>
    -1.26882825e+03 3.90028174e+03 -3.15402283e+02 18173456.
    5.96302246e+02 5.47798271e+01 -3.36506274e+03 13410220.
    -9.40528274e-01 -8.64020213e-02 -3.28544259e-01 1.89306816e+04 0. 0.
    0. 1.</data></P>
<IntrinsicCam type_id="opencv-matrix">
  <rows>3</rows>
  <cols>3</cols>
  <dt>f</dt>
  <data>
    4000. 0. 960. 0. 3375. 540. 0. 0. 1.</data></IntrinsicCam>
<DistortionCam type_id="opencv-matrix">
  <rows>1</rows>
  <cols>5</cols>
  <dt>f</dt>
  <data>
    0. 0. 0. 0. 0.</data></DistortionCam>
<RT type_id="opencv-matrix">
  <rows>4</rows>
  <cols>4</cols>
  <dt>f</dt>
  <data>
    -9.14802626e-02 9.95806932e-01 5.22178425e-08 6.05208683e-04
    3.27166677e-01 3.00553832e-02 -9.44488585e-01 9.44489502e+02
    -9.40528274e-01 -8.64020213e-02 -3.28544259e-01 1.89306816e+04 0. 0.
    0. 1.</data></RT>
<R type_id="opencv-matrix">
  <rows>3</rows>
  <cols>3</cols>
  <dt>f</dt>
  <data>
    -9.14802626e-02 9.95806932e-01 5.22178425e-08 3.27166677e-01
    3.00553832e-02 -9.44488585e-01 -9.40528274e-01 -8.64020213e-02
    -3.28544259e-01</data></R>
<t type_id="opencv-matrix">
  <rows>3</rows>
  <cols>1</cols>
  <dt>f</dt>
  <data>
    6.05208683e-04 9.44489502e+02 1.89306816e+04</data></t>
</opencv_storage>
