<?xml version="1.0"?>
<opencv_storage>
<P type_id="opencv-matrix">
  <rows>4</rows>
  <cols>4</cols>
  <dt>f</dt>
  <data>
    -1.67005029e+03 3.74617188e+03 -3.14221893e+02 18239404.
    5.83009216e+02 1.15967789e+02 -3.36584009e+03 13448750.
    -9.26759481e-01 -1.84343725e-01 -3.27314019e-01 1.89993613e+04 0. 0.
    0. 1.</data></P>
<IntrinsicCam type_id="opencv-matrix">
  <rows>3</rows>
  <cols>3</cols>
  <dt>f</dt>
  <data>
    4000. 0. 960. 0. 3375. 540. 0. 0. 1.</data></IntrinsicCam>
<DistortionCam type_id="opencv-matrix">
  <rows>1</rows>
  <cols>5</cols>
  <dt>f</dt>
  <data>
    0. 0. 0. 0. 0.</data></DistortionCam>
<RT type_id="opencv-matrix">
  <rows>4</rows>
  <cols>4</cols>
  <dt>f</dt>
  <data>
    -1.95090294e-01 9.80785489e-01 -1.05706846e-07 4.41385712e-03
    3.21024984e-01 6.38558194e-02 -9.44915712e-01 9.44916992e+02
    -9.26759481e-01 -1.84343725e-01 -3.27314019e-01 1.89993613e+04 0. 0.
    0. 1.</data></RT>
<R type_id="opencv-matrix">
  <rows>3</rows>
  <cols>3</cols>
  <dt>f</dt>
  <data>
    -1.95090294e-01 9.80785489e-01 -1.05706846e-07 3.21024984e-01
    6.38558194e-02 -9.44915712e-01 -9.26759481e-01 -1.84343725e-01
    -3.27314019e-01</data></R>
<t type_id="opencv-matrix">
  <rows>3</rows>
  <cols>1</cols>
  <dt>f</dt>
  <data>
    4.41385712e-03 9.44916992e+02 1.89993613e+04</data></t>
</opencv_storage>
