<?xml version="1.0"?>
<opencv_storage>
<P type_id="opencv-matrix">
  <rows>4</rows>
  <cols>4</cols>
  <dt>f</dt>
  <data>
    -2.05216528e+03 3.55116113e+03 -3.15402374e+02 18173462.
    5.71875000e+02 1.77585251e+02 -3.36506323e+03 13410220.
    -9.01999772e-01 -2.80098677e-01 -3.28544229e-01 1.89306816e+04 0. 0.
    0. 1.</data></P>
<IntrinsicCam type_id="opencv-matrix">
  <rows>3</rows>
  <cols>3</cols>
  <dt>f</dt>
  <data>
    4000. 0. 960. 0. 3375. 540. 0. 0. 1.</data></IntrinsicCam>
<DistortionCam type_id="opencv-matrix">
  <rows>1</rows>
  <cols>5</cols>
  <dt>f</dt>
  <data>
    0. 0. 0. 0. 0.</data></DistortionCam>
<RT type_id="opencv-matrix">
  <rows>4</rows>
  <cols>4</cols>
  <dt>f</dt>
  <data>
    -2.96561360e-01 9.55013990e-01 2.16525464e-08 1.79914013e-03
    3.13764393e-01 9.74336416e-02 -9.44488704e-01 9.44489624e+02
    -9.01999772e-01 -2.80098677e-01 -3.28544229e-01 1.89306816e+04 0. 0.
    0. 1.</data></RT>
<R type_id="opencv-matrix">
  <rows>3</rows>
  <cols>3</cols>
  <dt>f</dt>
  <data>
    -2.96561360e-01 9.55013990e-01 2.16525464e-08 3.13764393e-01
    9.74336416e-02 -9.44488704e-01 -9.01999772e-01 -2.80098677e-01
    -3.28544229e-01</data></R>
<t type_id="opencv-matrix">
  <rows>3</rows>
  <cols>1</cols>
  <dt>f</dt>
  <data>
    1.79914013e-03 9.44489624e+02 1.89306816e+04</data></t>
</opencv_storage>
