<?xml version="1.0"?>
<opencv_storage>
<P type_id="opencv-matrix">
  <rows>4</rows>
  <cols>4</cols>
  <dt>f</dt>
  <data>
    -2.41214990e+03 3.31727295e+03 -3.14388245e+02 18230048.
    5.46743225e+02 2.34855988e+02 -3.36573071e+03 13443278.
    -8.68150294e-01 -3.72916669e-01 -3.27488035e-01 1.89896230e+04 0. 0.
    0. 1.</data></P>
<IntrinsicCam type_id="opencv-matrix">
  <rows>3</rows>
  <cols>3</cols>
  <dt>f</dt>
  <data>
    4000. 0. 960. 0. 3375. 540. 0. 0. 1.</data></IntrinsicCam>
<DistortionCam type_id="opencv-matrix">
  <rows>1</rows>
  <cols>5</cols>
  <dt>f</dt>
  <data>
    0. 0. 0. 0. 0.</data></DistortionCam>
<RT type_id="opencv-matrix">
  <rows>4</rows>
  <cols>4</cols>
  <dt>f</dt>
  <data>
    -3.94681424e-01 9.18818235e-01 6.61989930e-08 2.45890487e-03
    3.00902039e-01 1.29253626e-01 -9.44855452e-01 9.44854065e+02
    -8.68150294e-01 -3.72916669e-01 -3.27488035e-01 1.89896230e+04 0. 0.
    0. 1.</data></RT>
<R type_id="opencv-matrix">
  <rows>3</rows>
  <cols>3</cols>
  <dt>f</dt>
  <data>
    -3.94681424e-01 9.18818235e-01 6.61989930e-08 3.00902039e-01
    1.29253626e-01 -9.44855452e-01 -8.68150294e-01 -3.72916669e-01
    -3.27488035e-01</data></R>
<t type_id="opencv-matrix">
  <rows>3</rows>
  <cols>1</cols>
  <dt>f</dt>
  <data>
    2.45890487e-03 9.44854065e+02 1.89896230e+04</data></t>
</opencv_storage>
