<?xml version="1.0"?>
<opencv_storage>
<P type_id="opencv-matrix">
  <rows>4</rows>
  <cols>4</cols>
  <dt>f</dt>
  <data>
    -2.74578516e+03 3.04677271e+03 -3.15353668e+02 18176168.
    5.22287476e+02 2.92537415e+02 -3.36509521e+03 13411792.
    -8.24050009e-01 -4.61555690e-01 -3.28493685e-01 1.89334922e+04 0. 0.
    0. 1.</data></P>
<IntrinsicCam type_id="opencv-matrix">
  <rows>3</rows>
  <cols>3</cols>
  <dt>f</dt>
  <data>
    4000. 0. 960. 0. 3375. 540. 0. 0. 1.</data></IntrinsicCam>
<DistortionCam type_id="opencv-matrix">
  <rows>1</rows>
  <cols>5</cols>
  <dt>f</dt>
  <data>
    0. 0. 0. 0. 0.</data></DistortionCam>
<RT type_id="opencv-matrix">
  <rows>4</rows>
  <cols>4</cols>
  <dt>f</dt>
  <data>
    -4.88674313e-01 8.72466564e-01 6.62207924e-08 3.92359355e-03
    2.86599845e-01 1.60526648e-01 -9.44506288e-01 9.44505615e+02
    -8.24050009e-01 -4.61555690e-01 -3.28493685e-01 1.89334922e+04 0. 0.
    0. 1.</data></RT>
<R type_id="opencv-matrix">
  <rows>3</rows>
  <cols>3</cols>
  <dt>f</dt>
  <data>
    -4.88674313e-01 8.72466564e-01 6.62207924e-08 2.86599845e-01
    1.60526648e-01 -9.44506288e-01 -8.24050009e-01 -4.61555690e-01
    -3.28493685e-01</data></R>
<t type_id="opencv-matrix">
  <rows>3</rows>
  <cols>1</cols>
  <dt>f</dt>
  <data>
    3.92359355e-03 9.44505615e+02 1.89334922e+04</data></t>
</opencv_storage>
