<?xml version="1.0"?>
<opencv_storage>
<P type_id="opencv-matrix">
  <rows>4</rows>
  <cols>4</cols>
  <dt>f</dt>
  <data>
    -3.04894873e+03 2.74344580e+03 -3.14677002e+02 18213894.
    4.86854736e+02 3.43997040e+02 -3.36554102e+03 13433845.
    -7.71581590e-01 -5.45175672e-01 -3.27788740e-01 1.89728008e+04 0. 0.
    0. 1.</data></P>
<IntrinsicCam type_id="opencv-matrix">
  <rows>3</rows>
  <cols>3</cols>
  <dt>f</dt>
  <data>
    4000. 0. 960. 0. 3375. 540. 0. 0. 1.</data></IntrinsicCam>
<DistortionCam type_id="opencv-matrix">
  <rows>1</rows>
  <cols>5</cols>
  <dt>f</dt>
  <data>
    0. 0. 0. 0. 0.</data></DistortionCam>
<RT type_id="opencv-matrix">
  <rows>4</rows>
  <cols>4</cols>
  <dt>f</dt>
  <data>
    -5.77057600e-01 8.16703618e-01 4.85998584e-08 1.60750095e-03
    2.67706305e-01 1.89153150e-01 -9.44751143e-01 9.44750488e+02
    -7.71581590e-01 -5.45175672e-01 -3.27788740e-01 1.89728008e+04 0. 0.
    0. 1.</data></RT>
<R type_id="opencv-matrix">
  <rows>3</rows>
  <cols>3</cols>
  <dt>f</dt>
  <data>
    -5.77057600e-01 8.16703618e-01 4.85998584e-08 2.67706305e-01
    1.89153150e-01 -9.44751143e-01 -7.71581590e-01 -5.45175672e-01
    -3.27788740e-01</data></R>
<t type_id="opencv-matrix">
  <rows>3</rows>
  <cols>1</cols>
  <dt>f</dt>
  <data>
    1.60750095e-03 9.44750488e+02 1.89728008e+04</data></t>
</opencv_storage>
