<?xml version="1.0"?>
<opencv_storage>
<P type_id="opencv-matrix">
  <rows>4</rows>
  <cols>4</cols>
  <dt>f</dt>
  <data>
    -3.74777539e+03 1.66628125e+03 -3.15112183e+02 18189644.
    3.57584290e+02 4.78978729e+02 -3.36525513e+03 13419669.
    -5.65086424e-01 -7.56924748e-01 -3.28241467e-01 1.89475391e+04 0. 0.
    0. 1.</data></P>
<IntrinsicCam type_id="opencv-matrix">
  <rows>3</rows>
  <cols>3</cols>
  <dt>f</dt>
  <data>
    4000. 0. 960. 0. 3375. 540. 0. 0. 1.</data></IntrinsicCam>
<DistortionCam type_id="opencv-matrix">
  <rows>1</rows>
  <cols>5</cols>
  <dt>f</dt>
  <data>
    0. 0. 0. 0. 0.</data></DistortionCam>
<RT type_id="opencv-matrix">
  <rows>4</rows>
  <cols>4</cols>
  <dt>f</dt>
  <data>
    -8.01323116e-01 5.98232210e-01 -9.09415405e-08 1.62330479e-03
    1.96364731e-01 2.63027579e-01 -9.44593966e-01 9.44592041e+02
    -5.65086424e-01 -7.56924748e-01 -3.28241467e-01 1.89475391e+04 0. 0.
    0. 1.</data></RT>
<R type_id="opencv-matrix">
  <rows>3</rows>
  <cols>3</cols>
  <dt>f</dt>
  <data>
    -8.01323116e-01 5.98232210e-01 -9.09415405e-08 1.96364731e-01
    2.63027579e-01 -9.44593966e-01 -5.65086424e-01 -7.56924748e-01
    -3.28241467e-01</data></R>
<t type_id="opencv-matrix">
  <rows>3</rows>
  <cols>1</cols>
  <dt>f</dt>
  <data>
    1.62330479e-03 9.44592041e+02 1.89475391e+04</data></t>
</opencv_storage>
