<?xml version="1.0"?>
<opencv_storage>
<P type_id="opencv-matrix">
  <rows>4</rows>
  <cols>4</cols>
  <dt>f</dt>
  <data>
    -4.10153320e+03 -2.24688721e+00 -3.14676880e+02 18213874.
    1.31499985e+02 5.81437500e+02 -3.36554077e+03 13433840.
    -2.08405480e-01 -9.21477973e-01 -3.27788919e-01 1.89727988e+04 0. 0.
    0. 1.</data></P>
<IntrinsicCam type_id="opencv-matrix">
  <rows>3</rows>
  <cols>3</cols>
  <dt>f</dt>
  <data>
    4000. 0. 960. 0. 3375. 540. 0. 0. 1.</data></IntrinsicCam>
<DistortionCam type_id="opencv-matrix">
  <rows>1</rows>
  <cols>5</cols>
  <dt>f</dt>
  <data>
    0. 0. 0. 0. 0.</data></DistortionCam>
<RT type_id="opencv-matrix">
  <rows>4</rows>
  <cols>4</cols>
  <dt>f</dt>
  <data>
    -9.75366056e-01 2.20592991e-01 1.18296583e-07 -2.79440614e-03
    7.23078325e-02 3.19714248e-01 -9.44751024e-01 9.44749390e+02
    -2.08405480e-01 -9.21477973e-01 -3.27788919e-01 1.89727988e+04 0. 0.
    0. 1.</data></RT>
<R type_id="opencv-matrix">
  <rows>3</rows>
  <cols>3</cols>
  <dt>f</dt>
  <data>
    -9.75366056e-01 2.20592991e-01 1.18296583e-07 7.23078325e-02
    3.19714248e-01 -9.44751024e-01 -2.08405480e-01 -9.21477973e-01
    -3.27788919e-01</data></R>
<t type_id="opencv-matrix">
  <rows>3</rows>
  <cols>1</cols>
  <dt>f</dt>
  <data>
    -2.79440614e-03 9.44749390e+02 1.89727988e+04</data></t>
</opencv_storage>
