<?xml version="1.0"?>
<opencv_storage>
<P type_id="opencv-matrix">
  <rows>4</rows>
  <cols>4</cols>
  <dt>f</dt>
  <data>
    -4.01147241e+03 -8.54897461e+02 -3.14388519e+02 18230036.
    7.74855995e+00 595. -3.36573022e+03 13443282. -1.23036047e-02
    -9.44775224e-01 -3.27488035e-01 1.89896211e+04 0. 0. 0. 1.</data></P>
<IntrinsicCam type_id="opencv-matrix">
  <rows>3</rows>
  <cols>3</cols>
  <dt>f</dt>
  <data>
    4000. 0. 960. 0. 3375. 540. 0. 0. 1.</data></IntrinsicCam>
<DistortionCam type_id="opencv-matrix">
  <rows>1</rows>
  <cols>5</cols>
  <dt>f</dt>
  <data>
    0. 0. 0. 0. 0.</data></DistortionCam>
<RT type_id="opencv-matrix">
  <rows>4</rows>
  <cols>4</cols>
  <dt>f</dt>
  <data>
    -9.99915242e-01 1.30216815e-02 -1.42851664e-09 2.54178667e-05
    4.26444644e-03 3.27460319e-01 -9.44855332e-01 9.44855286e+02
    -1.23036047e-02 -9.44775224e-01 -3.27488035e-01 1.89896211e+04 0. 0.
    0. 1.</data></RT>
<R type_id="opencv-matrix">
  <rows>3</rows>
  <cols>3</cols>
  <dt>f</dt>
  <data>
    -9.99915242e-01 1.30216815e-02 -1.42851664e-09 4.26444644e-03
    3.27460319e-01 -9.44855332e-01 -1.23036047e-02 -9.44775224e-01
    -3.27488035e-01</data></R>
<t type_id="opencv-matrix">
  <rows>3</rows>
  <cols>1</cols>
  <dt>f</dt>
  <data>
    2.54178667e-05 9.44855286e+02 1.89896211e+04</data></t>
</opencv_storage>
