<?xml version="1.0"?>
<opencv_storage>
<P type_id="opencv-matrix">
  <rows>4</rows>
  <cols>4</cols>
  <dt>f</dt>
  <data>
    -3.90028320e+03 -1.26882556e+03 -3.15400970e+02 18173350.
    -5.47805939e+01 5.96302917e+02 -3.36506299e+03 13410213.
    8.64012837e-02 -9.40528333e-01 -3.28544378e-01 1.89306738e+04 0. 0.
    0. 1.</data></P>
<IntrinsicCam type_id="opencv-matrix">
  <rows>3</rows>
  <cols>3</cols>
  <dt>f</dt>
  <data>
    4000. 0. 960. 0. 3375. 540. 0. 0. 1.</data></IntrinsicCam>
<DistortionCam type_id="opencv-matrix">
  <rows>1</rows>
  <cols>5</cols>
  <dt>f</dt>
  <data>
    0. 0. 0. 0. 0.</data></DistortionCam>
<RT type_id="opencv-matrix">
  <rows>4</rows>
  <cols>4</cols>
  <dt>f</dt>
  <data>
    -9.95807111e-01 -9.14795846e-02 4.07589255e-07 -2.37726457e-02
    -3.00554913e-02 3.27166885e-01 -9.44488585e-01 9.44488586e+02
    8.64012837e-02 -9.40528333e-01 -3.28544378e-01 1.89306738e+04 0. 0.
    0. 1.</data></RT>
<R type_id="opencv-matrix">
  <rows>3</rows>
  <cols>3</cols>
  <dt>f</dt>
  <data>
    -9.95807111e-01 -9.14795846e-02 4.07589255e-07 -3.00554913e-02
    3.27166885e-01 -9.44488585e-01 8.64012837e-02 -9.40528333e-01
    -3.28544378e-01</data></R>
<t type_id="opencv-matrix">
  <rows>3</rows>
  <cols>1</cols>
  <dt>f</dt>
  <data>
    -2.37726457e-02 9.44488586e+02 1.89306738e+04</data></t>
</opencv_storage>
