<?xml version="1.0"?>
<opencv_storage>
<P type_id="opencv-matrix">
  <rows>4</rows>
  <cols>4</cols>
  <dt>f</dt>
  <data>
    -3.57306641e+03 -1.98161841e+03 -4.77473267e+02 18791438.
    -3.58881531e+02 1.15570312e+03 -3.19652588e+03 13498138.
    2.57279158e-01 -8.28512609e-01 -4.97367352e-01 1.95744160e+04 0. 0.
    0. 1.</data></P>
<IntrinsicCam type_id="opencv-matrix">
  <rows>3</rows>
  <cols>3</cols>
  <dt>f</dt>
  <data>
    4000. 0. 960. 0. 3375. 540. 0. 0. 1.</data></IntrinsicCam>
<DistortionCam type_id="opencv-matrix">
  <rows>1</rows>
  <cols>5</cols>
  <dt>f</dt>
  <data>
    0. 0. 0. 0. 0.</data></DistortionCam>
<RT type_id="opencv-matrix">
  <rows>4</rows>
  <cols>4</cols>
  <dt>f</dt>
  <data>
    -9.55013633e-01 -2.96561599e-01 -1.52286205e-07 -3.55901313e-04
    -1.47499934e-01 4.74992603e-01 -8.67540002e-01 8.67541748e+02
    2.57279158e-01 -8.28512609e-01 -4.97367352e-01 1.95744160e+04 0. 0.
    0. 1.</data></RT>
<R type_id="opencv-matrix">
  <rows>3</rows>
  <cols>3</cols>
  <dt>f</dt>
  <data>
    -9.55013633e-01 -2.96561599e-01 -1.52286205e-07 -1.47499934e-01
    4.74992603e-01 -8.67540002e-01 2.57279158e-01 -8.28512609e-01
    -4.97367352e-01</data></R>
<t type_id="opencv-matrix">
  <rows>3</rows>
  <cols>1</cols>
  <dt>f</dt>
  <data>
    -3.55901313e-04 8.67541748e+02 1.95744160e+04</data></t>
</opencv_storage>
