<?xml version="1.0"?>
<opencv_storage>
<P type_id="opencv-matrix">
  <rows>4</rows>
  <cols>4</cols>
  <dt>f</dt>
  <data>
    -3.34627344e+03 -2.34463306e+03 -4.76177704e+02 18839976.
    -4.75657227e+02 1.10733203e+03 -3.19840430e+03 13528046.
    3.42706740e-01 -7.97821224e-01 -4.96017426e-01 1.96249883e+04 0. 0.
    0. 1.</data></P>
<IntrinsicCam type_id="opencv-matrix">
  <rows>3</rows>
  <cols>3</cols>
  <dt>f</dt>
  <data>
    4000. 0. 960. 0. 3375. 540. 0. 0. 1.</data></IntrinsicCam>
<DistortionCam type_id="opencv-matrix">
  <rows>1</rows>
  <cols>5</cols>
  <dt>f</dt>
  <data>
    0. 0. 0. 0. 0.</data></DistortionCam>
<RT type_id="opencv-matrix">
  <rows>4</rows>
  <cols>4</cols>
  <dt>f</dt>
  <data>
    -9.18817997e-01 -3.94681185e-01 -2.42573293e-07 -2.82691186e-03
    -1.95768550e-01 4.55749780e-01 -8.68312538e-01 8.68311646e+02
    3.42706740e-01 -7.97821224e-01 -4.96017426e-01 1.96249883e+04 0. 0.
    0. 1.</data></RT>
<R type_id="opencv-matrix">
  <rows>3</rows>
  <cols>3</cols>
  <dt>f</dt>
  <data>
    -9.18817997e-01 -3.94681185e-01 -2.42573293e-07 -1.95768550e-01
    4.55749780e-01 -8.68312538e-01 3.42706740e-01 -7.97821224e-01
    -4.96017426e-01</data></R>
<t type_id="opencv-matrix">
  <rows>3</rows>
  <cols>1</cols>
  <dt>f</dt>
  <data>
    -2.82691186e-03 8.68311646e+02 1.96249883e+04</data></t>
</opencv_storage>
