<?xml version="1.0"?>
<opencv_storage>
<P type_id="opencv-matrix">
  <rows>4</rows>
  <cols>4</cols>
  <dt>f</dt>
  <data>
    -3.08286035e+03 -2.68135254e+03 -4.77410400e+02 18793754.
    -5.91250122e+02 1.05560132e+03 -3.19661597e+03 13499561.
    4.23962772e-01 -7.56931663e-01 -4.97302800e-01 1.95768281e+04 0. 0.
    0. 1.</data></P>
<IntrinsicCam type_id="opencv-matrix">
  <rows>3</rows>
  <cols>3</cols>
  <dt>f</dt>
  <data>
    4000. 0. 960. 0. 3375. 540. 0. 0. 1.</data></IntrinsicCam>
<DistortionCam type_id="opencv-matrix">
  <rows>1</rows>
  <cols>5</cols>
  <dt>f</dt>
  <data>
    0. 0. 0. 0. 0.</data></DistortionCam>
<RT type_id="opencv-matrix">
  <rows>4</rows>
  <cols>4</cols>
  <dt>f</dt>
  <data>
    -8.72466147e-01 -4.88674521e-01 6.77681697e-08 -7.10772991e-04
    -2.43019253e-01 4.33879822e-01 -8.67577016e-01 8.67577515e+02
    4.23962772e-01 -7.56931663e-01 -4.97302800e-01 1.95768281e+04 0. 0.
    0. 1.</data></RT>
<R type_id="opencv-matrix">
  <rows>3</rows>
  <cols>3</cols>
  <dt>f</dt>
  <data>
    -8.72466147e-01 -4.88674521e-01 6.77681697e-08 -2.43019253e-01
    4.33879822e-01 -8.67577016e-01 4.23962772e-01 -7.56931663e-01
    -4.97302800e-01</data></R>
<t type_id="opencv-matrix">
  <rows>3</rows>
  <cols>1</cols>
  <dt>f</dt>
  <data>
    -7.10772991e-04 8.67577515e+02 1.95768281e+04</data></t>
</opencv_storage>
