<?xml version="1.0"?>
<opencv_storage>
<P type_id="opencv-matrix">
  <rows>4</rows>
  <cols>4</cols>
  <dt>f</dt>
  <data>
    -2.78591064e+03 -2.98884790e+03 -4.76546204e+02 18826134.
    -6.96270020e+02 9.85423462e+02 -3.19787061e+03 13519512.
    5.00940144e-01 -7.08974183e-01 -4.96401787e-01 1.96105566e+04 0. 0.
    0. 1.</data></P>
<IntrinsicCam type_id="opencv-matrix">
  <rows>3</rows>
  <cols>3</cols>
  <dt>f</dt>
  <data>
    4000. 0. 960. 0. 3375. 540. 0. 0. 1.</data></IntrinsicCam>
<DistortionCam type_id="opencv-matrix">
  <rows>1</rows>
  <cols>5</cols>
  <dt>f</dt>
  <data>
    0. 0. 0. 0. 0.</data></DistortionCam>
<RT type_id="opencv-matrix">
  <rows>4</rows>
  <cols>4</cols>
  <dt>f</dt>
  <data>
    -8.16703320e-01 -5.77058136e-01 -1.23529347e-07 -1.69230741e-04
    -2.86452651e-01 4.05413181e-01 -8.68092954e-01 8.68092041e+02
    5.00940144e-01 -7.08974183e-01 -4.96401787e-01 1.96105566e+04 0. 0.
    0. 1.</data></RT>
<R type_id="opencv-matrix">
  <rows>3</rows>
  <cols>3</cols>
  <dt>f</dt>
  <data>
    -8.16703320e-01 -5.77058136e-01 -1.23529347e-07 -2.86452651e-01
    4.05413181e-01 -8.68092954e-01 5.00940144e-01 -7.08974183e-01
    -4.96401787e-01</data></R>
<t type_id="opencv-matrix">
  <rows>3</rows>
  <cols>1</cols>
  <dt>f</dt>
  <data>
    -1.69230741e-04 8.68092041e+02 1.96105566e+04</data></t>
</opencv_storage>
