<?xml version="1.0"?>
<opencv_storage>
<P type_id="opencv-matrix">
  <rows>4</rows>
  <cols>4</cols>
  <dt>f</dt>
  <data>
    -2.45785254e+03 -3.26385620e+03 -4.77287170e+02 18798396.
    -7.97518188e+02 9.09222534e+02 -3.19679590e+03 13502416.
    5.72143614e-01 -6.52280509e-01 -4.97173816e-01 1.95816504e+04 0. 0.
    0. 1.</data></P>
<IntrinsicCam type_id="opencv-matrix">
  <rows>3</rows>
  <cols>3</cols>
  <dt>f</dt>
  <data>
    4000. 0. 960. 0. 3375. 540. 0. 0. 1.</data></IntrinsicCam>
<DistortionCam type_id="opencv-matrix">
  <rows>1</rows>
  <cols>5</cols>
  <dt>f</dt>
  <data>
    0. 0. 0. 0. 0.</data></DistortionCam>
<RT type_id="opencv-matrix">
  <rows>4</rows>
  <cols>4</cols>
  <dt>f</dt>
  <data>
    -7.51777589e-01 -6.59416735e-01 -7.81983616e-08 2.77329306e-03
    -3.27844650e-01 3.73764127e-01 -8.67650986e-01 8.67651855e+02
    5.72143614e-01 -6.52280509e-01 -4.97173816e-01 1.95816504e+04 0. 0.
    0. 1.</data></RT>
<R type_id="opencv-matrix">
  <rows>3</rows>
  <cols>3</cols>
  <dt>f</dt>
  <data>
    -7.51777589e-01 -6.59416735e-01 -7.81983616e-08 -3.27844650e-01
    3.73764127e-01 -8.67650986e-01 5.72143614e-01 -6.52280509e-01
    -4.97173816e-01</data></R>
<t type_id="opencv-matrix">
  <rows>3</rows>
  <cols>1</cols>
  <dt>f</dt>
  <data>
    2.77329306e-03 8.67651855e+02 1.95816504e+04</data></t>
</opencv_storage>
