<?xml version="1.0"?>
<opencv_storage>
<P type_id="opencv-matrix">
  <rows>4</rows>
  <cols>4</cols>
  <dt>f</dt>
  <data>
    -1.72538477e+03 -3.70365137e+03 -4.77100922e+02 18805314.
    -9.68573730e+02 7.23093994e+02 -3.19706592e+03 13506687.
    6.95357740e-01 -5.19122720e-01 -4.96980339e-01 1.95888828e+04 0. 0.
    0. 1.</data></P>
<IntrinsicCam type_id="opencv-matrix">
  <rows>3</rows>
  <cols>3</cols>
  <dt>f</dt>
  <data>
    4000. 0. 960. 0. 3375. 540. 0. 0. 1.</data></IntrinsicCam>
<DistortionCam type_id="opencv-matrix">
  <rows>1</rows>
  <cols>5</cols>
  <dt>f</dt>
  <data>
    0. 0. 0. 0. 0.</data></DistortionCam>
<RT type_id="opencv-matrix">
  <rows>4</rows>
  <cols>4</cols>
  <dt>f</dt>
  <data>
    -5.98232031e-01 -8.01323354e-01 5.17672731e-08 -3.47263832e-03
    -3.98242056e-01 2.97309697e-01 -8.67761910e-01 8.67760010e+02
    6.95357740e-01 -5.19122720e-01 -4.96980339e-01 1.95888828e+04 0. 0.
    0. 1.</data></RT>
<R type_id="opencv-matrix">
  <rows>3</rows>
  <cols>3</cols>
  <dt>f</dt>
  <data>
    -5.98232031e-01 -8.01323354e-01 5.17672731e-08 -3.98242056e-01
    2.97309697e-01 -8.67761910e-01 6.95357740e-01 -5.19122720e-01
    -4.96980339e-01</data></R>
<t type_id="opencv-matrix">
  <rows>3</rows>
  <cols>1</cols>
  <dt>f</dt>
  <data>
    -3.47263832e-03 8.67760010e+02 1.95888828e+04</data></t>
</opencv_storage>
