<?xml version="1.0"?>
<opencv_storage>
<P type_id="opencv-matrix">
  <rows>4</rows>
  <cols>4</cols>
  <dt>f</dt>
  <data>
    -1.32968652e+03 -3.86340649e+03 -4.77101135e+02 18805324.
    -1.03870886e+03 6.18128296e+02 -3.19706519e+03 13506690.
    7.45709062e-01 -4.43766236e-01 -4.96980429e-01 1.95888828e+04 0. 0.
    0. 1.</data></P>
<IntrinsicCam type_id="opencv-matrix">
  <rows>3</rows>
  <cols>3</cols>
  <dt>f</dt>
  <data>
    4000. 0. 960. 0. 3375. 540. 0. 0. 1.</data></IntrinsicCam>
<DistortionCam type_id="opencv-matrix">
  <rows>1</rows>
  <cols>5</cols>
  <dt>f</dt>
  <data>
    0. 0. 0. 0. 0.</data></DistortionCam>
<RT type_id="opencv-matrix">
  <rows>4</rows>
  <cols>4</cols>
  <dt>f</dt>
  <data>
    -5.11391819e-01 -8.59347701e-01 1.40389531e-08 -1.12380728e-03
    -4.27079022e-01 2.54151732e-01 -8.67761731e-01 8.67760986e+02
    7.45709062e-01 -4.43766236e-01 -4.96980429e-01 1.95888828e+04 0. 0.
    0. 1.</data></RT>
<R type_id="opencv-matrix">
  <rows>3</rows>
  <cols>3</cols>
  <dt>f</dt>
  <data>
    -5.11391819e-01 -8.59347701e-01 1.40389531e-08 -4.27079022e-01
    2.54151732e-01 -8.67761731e-01 7.45709062e-01 -4.43766236e-01
    -4.96980429e-01</data></R>
<t type_id="opencv-matrix">
  <rows>3</rows>
  <cols>1</cols>
  <dt>f</dt>
  <data>
    -1.12380728e-03 8.67760986e+02 1.95888828e+04</data></t>
</opencv_storage>
