<?xml version="1.0"?>
<opencv_storage>
<P type_id="opencv-matrix">
  <rows>4</rows>
  <cols>4</cols>
  <dt>f</dt>
  <data>
    4.73068878e+02 -4.08396875e+03 -1.37867111e+02 17518146.
    4.93701477e+01 -5.84556198e+00 -3.41756567e+03 13193974.
    9.82767642e-01 -1.16377905e-01 -1.43611014e-01 1.82480762e+04 0. 0.
    0. 1.</data></P>
<IntrinsicCam type_id="opencv-matrix">
  <rows>3</rows>
  <cols>3</cols>
  <dt>f</dt>
  <data>
    4000. 0. 960. 0. 3375. 540. 0. 0. 1.</data></IntrinsicCam>
<DistortionCam type_id="opencv-matrix">
  <rows>1</rows>
  <cols>5</cols>
  <dt>f</dt>
  <data>
    0. 0. 0. 0. 0.</data></DistortionCam>
<RT type_id="opencv-matrix">
  <rows>4</rows>
  <cols>4</cols>
  <dt>f</dt>
  <data>
    -1.17597006e-01 -9.93061483e-01 -1.34982855e-07 -1.95546774e-03
    -1.42614633e-01 1.68884471e-02 -9.89634275e-01 9.89633545e+02
    9.82767642e-01 -1.16377905e-01 -1.43611014e-01 1.82480762e+04 0. 0.
    0. 1.</data></RT>
<R type_id="opencv-matrix">
  <rows>3</rows>
  <cols>3</cols>
  <dt>f</dt>
  <data>
    -1.17597006e-01 -9.93061483e-01 -1.34982855e-07 -1.42614633e-01
    1.68884471e-02 -9.89634275e-01 9.82767642e-01 -1.16377905e-01
    -1.43611014e-01</data></R>
<t type_id="opencv-matrix">
  <rows>3</rows>
  <cols>1</cols>
  <dt>f</dt>
  <data>
    -1.95546774e-03 9.89633545e+02 1.82480762e+04</data></t>
</opencv_storage>
