<?xml version="1.0"?>
<opencv_storage>
<P type_id="opencv-matrix">
  <rows>4</rows>
  <cols>4</cols>
  <dt>f</dt>
  <data>
    -9.17495789e+02 -3.98150928e+03 -4.76854309e+02 18814568.
    -1.09688904e+03 5.05511353e+02 -3.19742432e+03 13512394.
    7.88230181e-01 -3.63262504e-01 -4.96722937e-01 1.95985195e+04 0. 0.
    0. 1.</data></P>
<IntrinsicCam type_id="opencv-matrix">
  <rows>3</rows>
  <cols>3</cols>
  <dt>f</dt>
  <data>
    4000. 0. 960. 0. 3375. 540. 0. 0. 1.</data></IntrinsicCam>
<DistortionCam type_id="opencv-matrix">
  <rows>1</rows>
  <cols>5</cols>
  <dt>f</dt>
  <data>
    0. 0. 0. 0. 0.</data></DistortionCam>
<RT type_id="opencv-matrix">
  <rows>4</rows>
  <cols>4</cols>
  <dt>f</dt>
  <data>
    -4.18549180e-01 -9.08194363e-01 -7.92782586e-08 -2.58647441e-03
    -4.51121002e-01 2.07903132e-01 -8.67909253e-01 8.67908936e+02
    7.88230181e-01 -3.63262504e-01 -4.96722937e-01 1.95985195e+04 0. 0.
    0. 1.</data></RT>
<R type_id="opencv-matrix">
  <rows>3</rows>
  <cols>3</cols>
  <dt>f</dt>
  <data>
    -4.18549180e-01 -9.08194363e-01 -7.92782586e-08 -4.51121002e-01
    2.07903132e-01 -8.67909253e-01 7.88230181e-01 -3.63262504e-01
    -4.96722937e-01</data></R>
<t type_id="opencv-matrix">
  <rows>3</rows>
  <cols>1</cols>
  <dt>f</dt>
  <data>
    -2.58647441e-03 8.67908936e+02 1.95985195e+04</data></t>
</opencv_storage>
