<?xml version="1.0"?>
<opencv_storage>
<P type_id="opencv-matrix">
  <rows>4</rows>
  <cols>4</cols>
  <dt>f</dt>
  <data>
    -4.97394104e+02 -4.05541577e+03 -4.77286438e+02 18798388.
    -1.14520947e+03 3.88864594e+02 -3.19679590e+03 13502416.
    8.21578920e-01 -2.78973669e-01 -4.97173727e-01 1.95816523e+04 0. 0.
    0. 1.</data></P>
<IntrinsicCam type_id="opencv-matrix">
  <rows>3</rows>
  <cols>3</cols>
  <dt>f</dt>
  <data>
    4000. 0. 960. 0. 3375. 540. 0. 0. 1.</data></IntrinsicCam>
<DistortionCam type_id="opencv-matrix">
  <rows>1</rows>
  <cols>5</cols>
  <dt>f</dt>
  <data>
    0. 0. 0. 0. 0.</data></DistortionCam>
<RT type_id="opencv-matrix">
  <rows>4</rows>
  <cols>4</cols>
  <dt>f</dt>
  <data>
    -3.21527451e-01 -9.46900249e-01 8.69741399e-08 5.52632730e-04
    -4.70773935e-01 1.59854919e-01 -8.67650986e-01 8.67651611e+02
    8.21578920e-01 -2.78973669e-01 -4.97173727e-01 1.95816523e+04 0. 0.
    0. 1.</data></RT>
<R type_id="opencv-matrix">
  <rows>3</rows>
  <cols>3</cols>
  <dt>f</dt>
  <data>
    -3.21527451e-01 -9.46900249e-01 8.69741399e-08 -4.70773935e-01
    1.59854919e-01 -8.67650986e-01 8.21578920e-01 -2.78973669e-01
    -4.97173727e-01</data></R>
<t type_id="opencv-matrix">
  <rows>3</rows>
  <cols>1</cols>
  <dt>f</dt>
  <data>
    5.52632730e-04 8.67651611e+02 1.95816523e+04</data></t>
</opencv_storage>
