<?xml version="1.0"?>
<opencv_storage>
<P type_id="opencv-matrix">
  <rows>4</rows>
  <cols>4</cols>
  <dt>f</dt>
  <data>
    -6.95296021e+01 -4.08529980e+03 -4.76545258e+02 18826128.
    -1.17686304e+03 2.66163818e+02 -3.19787109e+03 13519520.
    8.46708536e-01 -1.91494629e-01 -4.96401668e-01 1.96105605e+04 0. 0.
    0. 1.</data></P>
<IntrinsicCam type_id="opencv-matrix">
  <rows>3</rows>
  <cols>3</cols>
  <dt>f</dt>
  <data>
    4000. 0. 960. 0. 3375. 540. 0. 0. 1.</data></IntrinsicCam>
<DistortionCam type_id="opencv-matrix">
  <rows>1</rows>
  <cols>5</cols>
  <dt>f</dt>
  <data>
    0. 0. 0. 0. 0.</data></DistortionCam>
<RT type_id="opencv-matrix">
  <rows>4</rows>
  <cols>4</cols>
  <dt>f</dt>
  <data>
    -2.20592454e-01 -9.75366294e-01 8.36696827e-08 -2.34239665e-03
    -4.84173536e-01 1.09502494e-01 -8.68093073e-01 8.68093994e+02
    8.46708536e-01 -1.91494629e-01 -4.96401668e-01 1.96105605e+04 0. 0.
    0. 1.</data></RT>
<R type_id="opencv-matrix">
  <rows>3</rows>
  <cols>3</cols>
  <dt>f</dt>
  <data>
    -2.20592454e-01 -9.75366294e-01 8.36696827e-08 -4.84173536e-01
    1.09502494e-01 -8.68093073e-01 8.46708536e-01 -1.91494629e-01
    -4.96401668e-01</data></R>
<t type_id="opencv-matrix">
  <rows>3</rows>
  <cols>1</cols>
  <dt>f</dt>
  <data>
    -2.34239665e-03 8.68093994e+02 1.96105605e+04</data></t>
</opencv_storage>
