<?xml version="1.0"?>
<opencv_storage>
<P type_id="opencv-matrix">
  <rows>4</rows>
  <cols>4</cols>
  <dt>f</dt>
  <data>
    3.56706757e+02 -4.07018970e+03 -4.77410522e+02 18793756.
    -1.20150977e+03 1.42281616e+02 -3.19661670e+03 13499569.
    8.61557484e-01 -1.02024466e-01 -4.97302562e-01 1.95768320e+04 0. 0.
    0. 1.</data></P>
<IntrinsicCam type_id="opencv-matrix">
  <rows>3</rows>
  <cols>3</cols>
  <dt>f</dt>
  <data>
    4000. 0. 960. 0. 3375. 540. 0. 0. 1.</data></IntrinsicCam>
<DistortionCam type_id="opencv-matrix">
  <rows>1</rows>
  <cols>5</cols>
  <dt>f</dt>
  <data>
    0. 0. 0. 0. 0.</data></DistortionCam>
<RT type_id="opencv-matrix">
  <rows>4</rows>
  <cols>4</cols>
  <dt>f</dt>
  <data>
    -1.17597118e-01 -9.93061543e-01 -1.62508513e-08 -6.84048340e-04
    -4.93852109e-01 5.84814325e-02 -8.67577255e-01 8.67579224e+02
    8.61557484e-01 -1.02024466e-01 -4.97302562e-01 1.95768320e+04 0. 0.
    0. 1.</data></RT>
<R type_id="opencv-matrix">
  <rows>3</rows>
  <cols>3</cols>
  <dt>f</dt>
  <data>
    -1.17597118e-01 -9.93061543e-01 -1.62508513e-08 -4.93852109e-01
    5.84814325e-02 -8.67577255e-01 8.61557484e-01 -1.02024466e-01
    -4.97302562e-01</data></R>
<t type_id="opencv-matrix">
  <rows>3</rows>
  <cols>1</cols>
  <dt>f</dt>
  <data>
    -6.84048340e-04 8.67579224e+02 1.95768320e+04</data></t>
</opencv_storage>
