<?xml version="1.0"?>
<opencv_storage>
<P type_id="opencv-matrix">
  <rows>4</rows>
  <cols>4</cols>
  <dt>f</dt>
  <data>
    7.81426453e+02 -4.01051465e+03 -4.76176453e+02 18839992.
    -1.20506689e+03 1.56923399e+01 -3.19840479e+03 13528055.
    8.68239164e-01 -1.13060754e-02 -4.96017128e-01 1.96249961e+04 0. 0.
    0. 1.</data></P>
<IntrinsicCam type_id="opencv-matrix">
  <rows>3</rows>
  <cols>3</cols>
  <dt>f</dt>
  <data>
    4000. 0. 960. 0. 3375. 540. 0. 0. 1.</data></IntrinsicCam>
<DistortionCam type_id="opencv-matrix">
  <rows>1</rows>
  <cols>5</cols>
  <dt>f</dt>
  <data>
    0. 0. 0. 0. 0.</data></DistortionCam>
<RT type_id="opencv-matrix">
  <rows>4</rows>
  <cols>4</cols>
  <dt>f</dt>
  <data>
    -1.30207837e-02 -9.99915242e-01 -2.63683120e-09 -9.03130276e-04
    -4.95975107e-01 6.45855442e-03 -8.68312776e-01 8.68313171e+02
    8.68239164e-01 -1.13060754e-02 -4.96017128e-01 1.96249961e+04 0. 0.
    0. 1.</data></RT>
<R type_id="opencv-matrix">
  <rows>3</rows>
  <cols>3</cols>
  <dt>f</dt>
  <data>
    -1.30207837e-02 -9.99915242e-01 -2.63683120e-09 -4.95975107e-01
    6.45855442e-03 -8.68312776e-01 8.68239164e-01 -1.13060754e-02
    -4.96017128e-01</data></R>
<t type_id="opencv-matrix">
  <rows>3</rows>
  <cols>1</cols>
  <dt>f</dt>
  <data>
    -9.03130276e-04 8.68313171e+02 1.96249961e+04</data></t>
</opencv_storage>
