<?xml version="1.0"?>
<opencv_storage>
<P type_id="opencv-matrix">
  <rows>4</rows>
  <cols>4</cols>
  <dt>f</dt>
  <data>
    1.19527271e+03 -3.90703784e+03 -4.77472717e+02 18791444.
    -1.20506812e+03 -1.10705429e+02 -3.19652637e+03 13498144.
    8.63902390e-01 7.93640316e-02 -4.97367144e-01 1.95744219e+04 0. 0.
    0. 1.</data></P>
<IntrinsicCam type_id="opencv-matrix">
  <rows>3</rows>
  <cols>3</cols>
  <dt>f</dt>
  <data>
    4000. 0. 960. 0. 3375. 540. 0. 0. 1.</data></IntrinsicCam>
<DistortionCam type_id="opencv-matrix">
  <rows>1</rows>
  <cols>5</cols>
  <dt>f</dt>
  <data>
    0. 0. 0. 0. 0.</data></DistortionCam>
<RT type_id="opencv-matrix">
  <rows>4</rows>
  <cols>4</cols>
  <dt>f</dt>
  <data>
    9.14815888e-02 -9.95806813e-01 -6.46090328e-08 1.89357786e-04
    -4.95281607e-01 -4.54998575e-02 -8.67540181e-01 8.67542480e+02
    8.63902390e-01 7.93640316e-02 -4.97367144e-01 1.95744219e+04 0. 0.
    0. 1.</data></RT>
<R type_id="opencv-matrix">
  <rows>3</rows>
  <cols>3</cols>
  <dt>f</dt>
  <data>
    9.14815888e-02 -9.95806813e-01 -6.46090328e-08 -4.95281607e-01
    -4.54998575e-02 -8.67540181e-01 8.63902390e-01 7.93640316e-02
    -4.97367144e-01</data></R>
<t type_id="opencv-matrix">
  <rows>3</rows>
  <cols>1</cols>
  <dt>f</dt>
  <data>
    1.89357786e-04 8.67542480e+02 1.95744219e+04</data></t>
</opencv_storage>
