<?xml version="1.0"?>
<opencv_storage>
<P type_id="opencv-matrix">
  <rows>4</rows>
  <cols>4</cols>
  <dt>f</dt>
  <data>
    2.34463672e+03 -3.34627173e+03 -4.76176971e+02 18839996.
    -1.10733057e+03 -4.75658020e+02 -3.19840503e+03 13528062.
    7.97821164e-01 3.42707634e-01 -4.96017039e-01 1.96249980e+04 0. 0.
    0. 1.</data></P>
<IntrinsicCam type_id="opencv-matrix">
  <rows>3</rows>
  <cols>3</cols>
  <dt>f</dt>
  <data>
    4000. 0. 960. 0. 3375. 540. 0. 0. 1.</data></IntrinsicCam>
<DistortionCam type_id="opencv-matrix">
  <rows>1</rows>
  <cols>5</cols>
  <dt>f</dt>
  <data>
    0. 0. 0. 0. 0.</data></DistortionCam>
<RT type_id="opencv-matrix">
  <rows>4</rows>
  <cols>4</cols>
  <dt>f</dt>
  <data>
    3.94682139e-01 -9.18817759e-01 -1.50320162e-07 -3.76521726e-04
    -4.55749303e-01 -1.95768937e-01 -8.68312836e-01 8.68314941e+02
    7.97821164e-01 3.42707634e-01 -4.96017039e-01 1.96249980e+04 0. 0.
    0. 1.</data></RT>
<R type_id="opencv-matrix">
  <rows>3</rows>
  <cols>3</cols>
  <dt>f</dt>
  <data>
    3.94682139e-01 -9.18817759e-01 -1.50320162e-07 -4.55749303e-01
    -1.95768937e-01 -8.68312836e-01 7.97821164e-01 3.42707634e-01
    -4.96017039e-01</data></R>
<t type_id="opencv-matrix">
  <rows>3</rows>
  <cols>1</cols>
  <dt>f</dt>
  <data>
    -3.76521726e-04 8.68314941e+02 1.96249980e+04</data></t>
</opencv_storage>
