<?xml version="1.0"?>
<opencv_storage>
<P type_id="opencv-matrix">
  <rows>4</rows>
  <cols>4</cols>
  <dt>f</dt>
  <data>
    2.68135498e+03 -3.08285815e+03 -4.77410553e+02 18793766.
    -1.05560034e+03 -5.91250244e+02 -3.19661646e+03 13499566.
    7.56931424e-01 4.23963428e-01 -4.97302562e-01 1.95768359e+04 0. 0.
    0. 1.</data></P>
<IntrinsicCam type_id="opencv-matrix">
  <rows>3</rows>
  <cols>3</cols>
  <dt>f</dt>
  <data>
    4000. 0. 960. 0. 3375. 540. 0. 0. 1.</data></IntrinsicCam>
<DistortionCam type_id="opencv-matrix">
  <rows>1</rows>
  <cols>5</cols>
  <dt>f</dt>
  <data>
    0. 0. 0. 0. 0.</data></DistortionCam>
<RT type_id="opencv-matrix">
  <rows>4</rows>
  <cols>4</cols>
  <dt>f</dt>
  <data>
    4.88675177e-01 -8.72465789e-01 -2.65010254e-08 7.66232028e-04
    -4.33879495e-01 -2.43019402e-01 -8.67577195e-01 8.67577759e+02
    7.56931424e-01 4.23963428e-01 -4.97302562e-01 1.95768359e+04 0. 0.
    0. 1.</data></RT>
<R type_id="opencv-matrix">
  <rows>3</rows>
  <cols>3</cols>
  <dt>f</dt>
  <data>
    4.88675177e-01 -8.72465789e-01 -2.65010254e-08 -4.33879495e-01
    -2.43019402e-01 -8.67577195e-01 7.56931424e-01 4.23963428e-01
    -4.97302562e-01</data></R>
<t type_id="opencv-matrix">
  <rows>3</rows>
  <cols>1</cols>
  <dt>f</dt>
  <data>
    7.66232028e-04 8.67577759e+02 1.95768359e+04</data></t>
</opencv_storage>
