<?xml version="1.0"?>
<opencv_storage>
<P type_id="opencv-matrix">
  <rows>4</rows>
  <cols>4</cols>
  <dt>f</dt>
  <data>
    3.26385767e+03 -2.45785132e+03 -4.77286346e+02 18798380.
    -9.09221558e+02 -7.97518188e+02 -3.19679663e+03 13502427.
    6.52280509e-01 5.72144091e-01 -4.97173518e-01 1.95816602e+04 0. 0.
    0. 1.</data></P>
<IntrinsicCam type_id="opencv-matrix">
  <rows>3</rows>
  <cols>3</cols>
  <dt>f</dt>
  <data>
    4000. 0. 960. 0. 3375. 540. 0. 0. 1.</data></IntrinsicCam>
<DistortionCam type_id="opencv-matrix">
  <rows>1</rows>
  <cols>5</cols>
  <dt>f</dt>
  <data>
    0. 0. 0. 0. 0.</data></DistortionCam>
<RT type_id="opencv-matrix">
  <rows>4</rows>
  <cols>4</cols>
  <dt>f</dt>
  <data>
    6.59417093e-01 -7.51777411e-01 5.74076253e-08 -3.53179593e-03
    -3.73763859e-01 -3.27844709e-01 -8.67651284e-01 8.67653564e+02
    6.52280509e-01 5.72144091e-01 -4.97173518e-01 1.95816602e+04 0. 0.
    0. 1.</data></RT>
<R type_id="opencv-matrix">
  <rows>3</rows>
  <cols>3</cols>
  <dt>f</dt>
  <data>
    6.59417093e-01 -7.51777411e-01 5.74076253e-08 -3.73763859e-01
    -3.27844709e-01 -8.67651284e-01 6.52280509e-01 5.72144091e-01
    -4.97173518e-01</data></R>
<t type_id="opencv-matrix">
  <rows>3</rows>
  <cols>1</cols>
  <dt>f</dt>
  <data>
    -3.53179593e-03 8.67653564e+02 1.95816602e+04</data></t>
</opencv_storage>
