<?xml version="1.0"?>
<opencv_storage>
<P type_id="opencv-matrix">
  <rows>4</rows>
  <cols>4</cols>
  <dt>f</dt>
  <data>
    3.50260889e+03 -2.10379272e+03 -4.76854065e+02 18814576.
    -8.19941162e+02 -8.86792542e+02 -3.19742407e+03 13512406.
    5.89214206e-01 6.37254417e-01 -4.96722788e-01 1.95985234e+04 0. 0.
    0. 1.</data></P>
<IntrinsicCam type_id="opencv-matrix">
  <rows>3</rows>
  <cols>3</cols>
  <dt>f</dt>
  <data>
    4000. 0. 960. 0. 3375. 540. 0. 0. 1.</data></IntrinsicCam>
<DistortionCam type_id="opencv-matrix">
  <rows>1</rows>
  <cols>5</cols>
  <dt>f</dt>
  <data>
    0. 0. 0. 0. 0.</data></DistortionCam>
<RT type_id="opencv-matrix">
  <rows>4</rows>
  <cols>4</cols>
  <dt>f</dt>
  <data>
    7.34240770e-01 -6.78889215e-01 -4.94059442e-08 -1.43494061e-03
    -3.37219805e-01 -3.64714056e-01 -8.67909312e-01 8.67912109e+02
    5.89214206e-01 6.37254417e-01 -4.96722788e-01 1.95985234e+04 0. 0.
    0. 1.</data></RT>
<R type_id="opencv-matrix">
  <rows>3</rows>
  <cols>3</cols>
  <dt>f</dt>
  <data>
    7.34240770e-01 -6.78889215e-01 -4.94059442e-08 -3.37219805e-01
    -3.64714056e-01 -8.67909312e-01 5.89214206e-01 6.37254417e-01
    -4.96722788e-01</data></R>
<t type_id="opencv-matrix">
  <rows>3</rows>
  <cols>1</cols>
  <dt>f</dt>
  <data>
    -1.43494061e-03 8.67912109e+02 1.95985234e+04</data></t>
</opencv_storage>
