<?xml version="1.0"?>
<opencv_storage>
<P type_id="opencv-matrix">
  <rows>4</rows>
  <cols>4</cols>
  <dt>f</dt>
  <data>
    3.70365137e+03 -1.72538159e+03 -4.77101257e+02 18805332.
    -7.23092468e+02 -9.68572998e+02 -3.19706567e+03 13506698.
    5.19122303e-01 6.95357978e-01 -4.96980220e-01 1.95888887e+04 0. 0.
    0. 1.</data></P>
<IntrinsicCam type_id="opencv-matrix">
  <rows>3</rows>
  <cols>3</cols>
  <dt>f</dt>
  <data>
    4000. 0. 960. 0. 3375. 540. 0. 0. 1.</data></IntrinsicCam>
<DistortionCam type_id="opencv-matrix">
  <rows>1</rows>
  <cols>5</cols>
  <dt>f</dt>
  <data>
    0. 0. 0. 0. 0.</data></DistortionCam>
<RT type_id="opencv-matrix">
  <rows>4</rows>
  <cols>4</cols>
  <dt>f</dt>
  <data>
    8.01323473e-01 -5.98231316e-01 -5.87374629e-08 -3.60506237e-04
    -2.97309190e-01 -3.98241878e-01 -8.67761850e-01 8.67762207e+02
    5.19122303e-01 6.95357978e-01 -4.96980220e-01 1.95888887e+04 0. 0.
    0. 1.</data></RT>
<R type_id="opencv-matrix">
  <rows>3</rows>
  <cols>3</cols>
  <dt>f</dt>
  <data>
    8.01323473e-01 -5.98231316e-01 -5.87374629e-08 -2.97309190e-01
    -3.98241878e-01 -8.67761850e-01 5.19122303e-01 6.95357978e-01
    -4.96980220e-01</data></R>
<t type_id="opencv-matrix">
  <rows>3</rows>
  <cols>1</cols>
  <dt>f</dt>
  <data>
    -3.60506237e-04 8.67762207e+02 1.95888887e+04</data></t>
</opencv_storage>
