<?xml version="1.0"?>
<opencv_storage>
<P type_id="opencv-matrix">
  <rows>4</rows>
  <cols>4</cols>
  <dt>f</dt>
  <data>
    3.98150903e+03 -9.17493591e+02 -4.76853882e+02 18814578.
    -5.05509888e+02 -1.09688843e+03 -3.19742407e+03 13512401.
    3.63262266e-01 7.88230300e-01 -4.96722788e-01 1.95985254e+04 0. 0.
    0. 1.</data></P>
<IntrinsicCam type_id="opencv-matrix">
  <rows>3</rows>
  <cols>3</cols>
  <dt>f</dt>
  <data>
    4000. 0. 960. 0. 3375. 540. 0. 0. 1.</data></IntrinsicCam>
<DistortionCam type_id="opencv-matrix">
  <rows>1</rows>
  <cols>5</cols>
  <dt>f</dt>
  <data>
    0. 0. 0. 0. 0.</data></DistortionCam>
<RT type_id="opencv-matrix">
  <rows>4</rows>
  <cols>4</cols>
  <dt>f</dt>
  <data>
    9.08194363e-01 -4.18548673e-01 3.19462856e-09 -1.49834994e-03
    -2.07902670e-01 -4.51120853e-01 -8.67909253e-01 8.67910156e+02
    3.63262266e-01 7.88230300e-01 -4.96722788e-01 1.95985254e+04 0. 0.
    0. 1.</data></RT>
<R type_id="opencv-matrix">
  <rows>3</rows>
  <cols>3</cols>
  <dt>f</dt>
  <data>
    9.08194363e-01 -4.18548673e-01 3.19462856e-09 -2.07902670e-01
    -4.51120853e-01 -8.67909253e-01 3.63262266e-01 7.88230300e-01
    -4.96722788e-01</data></R>
<t type_id="opencv-matrix">
  <rows>3</rows>
  <cols>1</cols>
  <dt>f</dt>
  <data>
    -1.49834994e-03 8.67910156e+02 1.95985254e+04</data></t>
</opencv_storage>
