<?xml version="1.0"?>
<opencv_storage>
<P type_id="opencv-matrix">
  <rows>4</rows>
  <cols>4</cols>
  <dt>f</dt>
  <data>
    4.08529907e+03 -6.95274048e+01 -4.76545502e+02 18826142.
    -2.66162903e+02 -1.17686230e+03 -3.19787061e+03 13519519.
    1.91494286e-01 8.46708536e-01 -4.96401578e-01 1.96105664e+04 0. 0.
    0. 1.</data></P>
<IntrinsicCam type_id="opencv-matrix">
  <rows>3</rows>
  <cols>3</cols>
  <dt>f</dt>
  <data>
    4000. 0. 960. 0. 3375. 540. 0. 0. 1.</data></IntrinsicCam>
<DistortionCam type_id="opencv-matrix">
  <rows>1</rows>
  <cols>5</cols>
  <dt>f</dt>
  <data>
    0. 0. 0. 0. 0.</data></DistortionCam>
<RT type_id="opencv-matrix">
  <rows>4</rows>
  <cols>4</cols>
  <dt>f</dt>
  <data>
    9.75366175e-01 -2.20591903e-01 1.44316026e-09 -2.59276916e-04
    -1.09502167e-01 -4.84173328e-01 -8.68092954e-01 8.68092773e+02
    1.91494286e-01 8.46708536e-01 -4.96401578e-01 1.96105664e+04 0. 0.
    0. 1.</data></RT>
<R type_id="opencv-matrix">
  <rows>3</rows>
  <cols>3</cols>
  <dt>f</dt>
  <data>
    9.75366175e-01 -2.20591903e-01 1.44316026e-09 -1.09502167e-01
    -4.84173328e-01 -8.68092954e-01 1.91494286e-01 8.46708536e-01
    -4.96401578e-01</data></R>
<t type_id="opencv-matrix">
  <rows>3</rows>
  <cols>1</cols>
  <dt>f</dt>
  <data>
    -2.59276916e-04 8.68092773e+02 1.96105664e+04</data></t>
</opencv_storage>
