<?xml version="1.0"?>
<opencv_storage>
<P type_id="opencv-matrix">
  <rows>4</rows>
  <cols>4</cols>
  <dt>f</dt>
  <data>
    4.01051440e+03 7.81427917e+02 -4.76176086e+02 18840006.
    -1.56918745e+01 -1.20506543e+03 -3.19840576e+03 13528080.
    1.13058565e-02 8.68239462e-01 -4.96016771e-01 1.96250059e+04 0. 0.
    0. 1.</data></P>
<IntrinsicCam type_id="opencv-matrix">
  <rows>3</rows>
  <cols>3</cols>
  <dt>f</dt>
  <data>
    4000. 0. 960. 0. 3375. 540. 0. 0. 1.</data></IntrinsicCam>
<DistortionCam type_id="opencv-matrix">
  <rows>1</rows>
  <cols>5</cols>
  <dt>f</dt>
  <data>
    0. 0. 0. 0. 0.</data></DistortionCam>
<RT type_id="opencv-matrix">
  <rows>4</rows>
  <cols>4</cols>
  <dt>f</dt>
  <data>
    9.99915242e-01 -1.30204866e-02 2.16383356e-10 -6.33046511e-05
    -6.45838119e-03 -4.95974720e-01 -8.68313074e-01 8.68319092e+02
    1.13058565e-02 8.68239462e-01 -4.96016771e-01 1.96250059e+04 0. 0.
    0. 1.</data></RT>
<R type_id="opencv-matrix">
  <rows>3</rows>
  <cols>3</cols>
  <dt>f</dt>
  <data>
    9.99915242e-01 -1.30204866e-02 2.16383356e-10 -6.45838119e-03
    -4.95974720e-01 -8.68313074e-01 1.13058565e-02 8.68239462e-01
    -4.96016771e-01</data></R>
<t type_id="opencv-matrix">
  <rows>3</rows>
  <cols>1</cols>
  <dt>f</dt>
  <data>
    -6.33046511e-05 8.68319092e+02 1.96250059e+04</data></t>
</opencv_storage>
