<?xml version="1.0"?>
<opencv_storage>
<P type_id="opencv-matrix">
  <rows>4</rows>
  <cols>4</cols>
  <dt>f</dt>
  <data>
    1.31198816e+03 -3.89631543e+03 -1.37890305e+02 17515238.
    4.94234619e+01 4.54093552e+00 -3.41756689e+03 13192331.
    9.85480964e-01 9.05330703e-02 -1.43635213e-01 1.82450410e+04 0. 0.
    0. 1.</data></P>
<IntrinsicCam type_id="opencv-matrix">
  <rows>3</rows>
  <cols>3</cols>
  <dt>f</dt>
  <data>
    4000. 0. 960. 0. 3375. 540. 0. 0. 1.</data></IntrinsicCam>
<DistortionCam type_id="opencv-matrix">
  <rows>1</rows>
  <cols>5</cols>
  <dt>f</dt>
  <data>
    0. 0. 0. 0. 0.</data></DistortionCam>
<RT type_id="opencv-matrix">
  <rows>4</rows>
  <cols>4</cols>
  <dt>f</dt>
  <data>
    9.14816186e-02 -9.95806813e-01 -1.26615788e-07 -5.20745525e-04
    -1.43032968e-01 -1.31398290e-02 -9.89630759e-01 9.89632324e+02
    9.85480964e-01 9.05330703e-02 -1.43635213e-01 1.82450410e+04 0. 0.
    0. 1.</data></RT>
<R type_id="opencv-matrix">
  <rows>3</rows>
  <cols>3</cols>
  <dt>f</dt>
  <data>
    9.14816186e-02 -9.95806813e-01 -1.26615788e-07 -1.43032968e-01
    -1.31398290e-02 -9.89630759e-01 9.85480964e-01 9.05330703e-02
    -1.43635213e-01</data></R>
<t type_id="opencv-matrix">
  <rows>3</rows>
  <cols>1</cols>
  <dt>f</dt>
  <data>
    -5.20745525e-04 9.89632324e+02 1.82450410e+04</data></t>
</opencv_storage>
