<?xml version="1.0"?>
<opencv_storage>
<P type_id="opencv-matrix">
  <rows>4</rows>
  <cols>4</cols>
  <dt>f</dt>
  <data>
    3.90703735e+03 1.19527417e+03 -4.77472290e+02 18791456.
    1.10706116e+02 -1.20506714e+03 -3.19652710e+03 13498154.
    -7.93642402e-02 8.63902628e-01 -4.97366935e-01 1.95744316e+04 0. 0.
    0. 1.</data></P>
<IntrinsicCam type_id="opencv-matrix">
  <rows>3</rows>
  <cols>3</cols>
  <dt>f</dt>
  <data>
    4000. 0. 960. 0. 3375. 540. 0. 0. 1.</data></IntrinsicCam>
<DistortionCam type_id="opencv-matrix">
  <rows>1</rows>
  <cols>5</cols>
  <dt>f</dt>
  <data>
    0. 0. 0. 0. 0.</data></DistortionCam>
<RT type_id="opencv-matrix">
  <rows>4</rows>
  <cols>4</cols>
  <dt>f</dt>
  <data>
    9.95806754e-01 9.14819166e-02 -5.95422245e-09 5.50730911e-04
    4.55000885e-02 -4.95281368e-01 -8.67540419e-01 8.67543823e+02
    -7.93642402e-02 8.63902628e-01 -4.97366935e-01 1.95744316e+04 0. 0.
    0. 1.</data></RT>
<R type_id="opencv-matrix">
  <rows>3</rows>
  <cols>3</cols>
  <dt>f</dt>
  <data>
    9.95806754e-01 9.14819166e-02 -5.95422245e-09 4.55000885e-02
    -4.95281368e-01 -8.67540419e-01 -7.93642402e-02 8.63902628e-01
    -4.97366935e-01</data></R>
<t type_id="opencv-matrix">
  <rows>3</rows>
  <cols>1</cols>
  <dt>f</dt>
  <data>
    5.50730911e-04 8.67543823e+02 1.95744316e+04</data></t>
</opencv_storage>
