<?xml version="1.0"?>
<opencv_storage>
<P type_id="opencv-matrix">
  <rows>4</rows>
  <cols>4</cols>
  <dt>f</dt>
  <data>
    3.76050024e+03 1.59800769e+03 -4.76034882e+02 18845322.
    2.35011993e+02 -1.18147888e+03 -3.19860938e+03 13531332.
    -1.69416711e-01 8.51710856e-01 -4.95869637e-01 1.96305410e+04 0. 0.
    0. 1.</data></P>
<IntrinsicCam type_id="opencv-matrix">
  <rows>3</rows>
  <cols>3</cols>
  <dt>f</dt>
  <data>
    4000. 0. 960. 0. 3375. 540. 0. 0. 1.</data></IntrinsicCam>
<DistortionCam type_id="opencv-matrix">
  <rows>1</rows>
  <cols>5</cols>
  <dt>f</dt>
  <data>
    0. 0. 0. 0. 0.</data></DistortionCam>
<RT type_id="opencv-matrix">
  <rows>4</rows>
  <cols>4</cols>
  <dt>f</dt>
  <data>
    9.80785072e-01 1.95091322e-01 -6.45905462e-09 3.11885145e-04
    9.67398584e-02 -4.86341536e-01 -8.68396997e-01 8.68397217e+02
    -1.69416711e-01 8.51710856e-01 -4.95869637e-01 1.96305410e+04 0. 0.
    0. 1.</data></RT>
<R type_id="opencv-matrix">
  <rows>3</rows>
  <cols>3</cols>
  <dt>f</dt>
  <data>
    9.80785072e-01 1.95091322e-01 -6.45905462e-09 9.67398584e-02
    -4.86341536e-01 -8.68396997e-01 -1.69416711e-01 8.51710856e-01
    -4.95869637e-01</data></R>
<t type_id="opencv-matrix">
  <rows>3</rows>
  <cols>1</cols>
  <dt>f</dt>
  <data>
    3.11885145e-04 8.68397217e+02 1.96305410e+04</data></t>
</opencv_storage>
