<?xml version="1.0"?>
<opencv_storage>
<P type_id="opencv-matrix">
  <rows>4</rows>
  <cols>4</cols>
  <dt>f</dt>
  <data>
    1.32968384e+03 3.86340723e+03 -4.77100983e+02 18805340.
    1.03870862e+03 -6.18127258e+02 -3.19706567e+03 13506696.
    -7.45709419e-01 4.43765819e-01 -4.96980250e-01 1.95888887e+04 0. 0.
    0. 1.</data></P>
<IntrinsicCam type_id="opencv-matrix">
  <rows>3</rows>
  <cols>3</cols>
  <dt>f</dt>
  <data>
    4000. 0. 960. 0. 3375. 540. 0. 0. 1.</data></IntrinsicCam>
<DistortionCam type_id="opencv-matrix">
  <rows>1</rows>
  <cols>5</cols>
  <dt>f</dt>
  <data>
    0. 0. 0. 0. 0.</data></DistortionCam>
<RT type_id="opencv-matrix">
  <rows>4</rows>
  <cols>4</cols>
  <dt>f</dt>
  <data>
    5.11391222e-01 8.59347999e-01 1.56202304e-08 1.30101410e-03
    4.27079022e-01 -2.54151344e-01 -8.67761850e-01 8.67761719e+02
    -7.45709419e-01 4.43765819e-01 -4.96980250e-01 1.95888887e+04 0. 0.
    0. 1.</data></RT>
<R type_id="opencv-matrix">
  <rows>3</rows>
  <cols>3</cols>
  <dt>f</dt>
  <data>
    5.11391222e-01 8.59347999e-01 1.56202304e-08 4.27079022e-01
    -2.54151344e-01 -8.67761850e-01 -7.45709419e-01 4.43765819e-01
    -4.96980250e-01</data></R>
<t type_id="opencv-matrix">
  <rows>3</rows>
  <cols>1</cols>
  <dt>f</dt>
  <data>
    1.30101410e-03 8.67761719e+02 1.95888887e+04</data></t>
</opencv_storage>
