<?xml version="1.0"?>
<opencv_storage>
<P type_id="opencv-matrix">
  <rows>4</rows>
  <cols>4</cols>
  <dt>f</dt>
  <data>
    1.71223535e+03 -3.73777930e+03 -1.37323654e+02 17586354.
    5.06763916e+01 1.00808411e+01 -3.41753662e+03 13232625.
    9.70698953e-01 1.93084940e-01 -1.43045098e-01 1.83191309e+04 0. 0.
    0. 1.</data></P>
<IntrinsicCam type_id="opencv-matrix">
  <rows>3</rows>
  <cols>3</cols>
  <dt>f</dt>
  <data>
    4000. 0. 960. 0. 3375. 540. 0. 0. 1.</data></IntrinsicCam>
<DistortionCam type_id="opencv-matrix">
  <rows>1</rows>
  <cols>5</cols>
  <dt>f</dt>
  <data>
    0. 0. 0. 0. 0.</data></DistortionCam>
<RT type_id="opencv-matrix">
  <rows>4</rows>
  <cols>4</cols>
  <dt>f</dt>
  <data>
    1.95091113e-01 -9.80785191e-01 -9.09242743e-08 -2.84650060e-03
    -1.40296608e-01 -2.79066749e-02 -9.89716232e-01 9.89716736e+02
    9.70698953e-01 1.93084940e-01 -1.43045098e-01 1.83191309e+04 0. 0.
    0. 1.</data></RT>
<R type_id="opencv-matrix">
  <rows>3</rows>
  <cols>3</cols>
  <dt>f</dt>
  <data>
    1.95091113e-01 -9.80785191e-01 -9.09242743e-08 -1.40296608e-01
    -2.79066749e-02 -9.89716232e-01 9.70698953e-01 1.93084940e-01
    -1.43045098e-01</data></R>
<t type_id="opencv-matrix">
  <rows>3</rows>
  <cols>1</cols>
  <dt>f</dt>
  <data>
    -2.84650060e-03 9.89716736e+02 1.83191309e+04</data></t>
</opencv_storage>
