<?xml version="1.0"?>
<opencv_storage>
<P type_id="opencv-matrix">
  <rows>4</rows>
  <cols>4</cols>
  <dt>f</dt>
  <data>
    9.17492798e+02 3.98150928e+03 -4.76853882e+02 18814588.
    1.09688855e+03 -5.05509644e+02 -3.19742407e+03 13512401.
    -7.88230360e-01 3.63262117e-01 -4.96722788e-01 1.95985273e+04 0. 0.
    0. 1.</data></P>
<IntrinsicCam type_id="opencv-matrix">
  <rows>3</rows>
  <cols>3</cols>
  <dt>f</dt>
  <data>
    4000. 0. 960. 0. 3375. 540. 0. 0. 1.</data></IntrinsicCam>
<DistortionCam type_id="opencv-matrix">
  <rows>1</rows>
  <cols>5</cols>
  <dt>f</dt>
  <data>
    0. 0. 0. 0. 0.</data></DistortionCam>
<RT type_id="opencv-matrix">
  <rows>4</rows>
  <cols>4</cols>
  <dt>f</dt>
  <data>
    4.18548495e-01 9.08194423e-01 1.89978167e-09 4.68355778e-04
    4.51120883e-01 -2.07902580e-01 -8.67909253e-01 8.67909912e+02
    -7.88230360e-01 3.63262117e-01 -4.96722788e-01 1.95985273e+04 0. 0.
    0. 1.</data></RT>
<R type_id="opencv-matrix">
  <rows>3</rows>
  <cols>3</cols>
  <dt>f</dt>
  <data>
    4.18548495e-01 9.08194423e-01 1.89978167e-09 4.51120883e-01
    -2.07902580e-01 -8.67909253e-01 -7.88230360e-01 3.63262117e-01
    -4.96722788e-01</data></R>
<t type_id="opencv-matrix">
  <rows>3</rows>
  <cols>1</cols>
  <dt>f</dt>
  <data>
    4.68355778e-04 8.67909912e+02 1.95985273e+04</data></t>
</opencv_storage>
