<?xml version="1.0"?>
<opencv_storage>
<P type_id="opencv-matrix">
  <rows>4</rows>
  <cols>4</cols>
  <dt>f</dt>
  <data>
    -3.56708679e+02 4.07018872e+03 -4.77410400e+02 18793766.
    1.20150928e+03 -1.42280685e+02 -3.19661646e+03 13499568.
    -8.61557484e-01 1.02024153e-01 -4.97302502e-01 1.95768379e+04 0. 0.
    0. 1.</data></P>
<IntrinsicCam type_id="opencv-matrix">
  <rows>3</rows>
  <cols>3</cols>
  <dt>f</dt>
  <data>
    4000. 0. 960. 0. 3375. 540. 0. 0. 1.</data></IntrinsicCam>
<DistortionCam type_id="opencv-matrix">
  <rows>1</rows>
  <cols>5</cols>
  <dt>f</dt>
  <data>
    0. 0. 0. 0. 0.</data></DistortionCam>
<RT type_id="opencv-matrix">
  <rows>4</rows>
  <cols>4</cols>
  <dt>f</dt>
  <data>
    1.17596634e-01 9.93061423e-01 -2.39341347e-09 2.69243465e-04
    4.93851930e-01 -5.84811047e-02 -8.67577195e-01 8.67578247e+02
    -8.61557484e-01 1.02024153e-01 -4.97302502e-01 1.95768379e+04 0. 0.
    0. 1.</data></RT>
<R type_id="opencv-matrix">
  <rows>3</rows>
  <cols>3</cols>
  <dt>f</dt>
  <data>
    1.17596634e-01 9.93061423e-01 -2.39341347e-09 4.93851930e-01
    -5.84811047e-02 -8.67577195e-01 -8.61557484e-01 1.02024153e-01
    -4.97302502e-01</data></R>
<t type_id="opencv-matrix">
  <rows>3</rows>
  <cols>1</cols>
  <dt>f</dt>
  <data>
    2.69243465e-04 8.67578247e+02 1.95768379e+04</data></t>
</opencv_storage>
