<?xml version="1.0"?>
<opencv_storage>
<P type_id="opencv-matrix">
  <rows>4</rows>
  <cols>4</cols>
  <dt>f</dt>
  <data>
    -7.81428223e+02 4.01051538e+03 -4.76176147e+02 18840014.
    1.20506628e+03 -1.56913767e+01 -3.19840527e+03 13528062.
    -8.68239343e-01 1.13059198e-02 -4.96016860e-01 1.96250020e+04 0. 0.
    0. 1.</data></P>
<IntrinsicCam type_id="opencv-matrix">
  <rows>3</rows>
  <cols>3</cols>
  <dt>f</dt>
  <data>
    4000. 0. 960. 0. 3375. 540. 0. 0. 1.</data></IntrinsicCam>
<DistortionCam type_id="opencv-matrix">
  <rows>1</rows>
  <cols>5</cols>
  <dt>f</dt>
  <data>
    0. 0. 0. 0. 0.</data></DistortionCam>
<RT type_id="opencv-matrix">
  <rows>4</rows>
  <cols>4</cols>
  <dt>f</dt>
  <data>
    1.30203897e-02 9.99915421e-01 7.66428343e-09 3.01714893e-03
    4.95974988e-01 -6.45824382e-03 -8.68312955e-01 8.68314209e+02
    -8.68239343e-01 1.13059198e-02 -4.96016860e-01 1.96250020e+04 0. 0.
    0. 1.</data></RT>
<R type_id="opencv-matrix">
  <rows>3</rows>
  <cols>3</cols>
  <dt>f</dt>
  <data>
    1.30203897e-02 9.99915421e-01 7.66428343e-09 4.95974988e-01
    -6.45824382e-03 -8.68312955e-01 -8.68239343e-01 1.13059198e-02
    -4.96016860e-01</data></R>
<t type_id="opencv-matrix">
  <rows>3</rows>
  <cols>1</cols>
  <dt>f</dt>
  <data>
    3.01714893e-03 8.68314209e+02 1.96250020e+04</data></t>
</opencv_storage>
