<?xml version="1.0"?>
<opencv_storage>
<P type_id="opencv-matrix">
  <rows>4</rows>
  <cols>4</cols>
  <dt>f</dt>
  <data>
    -1.19527368e+03 3.90703784e+03 -4.77472168e+02 18791456.
    1.20506799e+03 1.10706421e+02 -3.19652637e+03 13498139.
    -8.63902450e-01 -7.93640763e-02 -4.97367084e-01 1.95744258e+04 0. 0.
    0. 1.</data></P>
<IntrinsicCam type_id="opencv-matrix">
  <rows>3</rows>
  <cols>3</cols>
  <dt>f</dt>
  <data>
    4000. 0. 960. 0. 3375. 540. 0. 0. 1.</data></IntrinsicCam>
<DistortionCam type_id="opencv-matrix">
  <rows>1</rows>
  <cols>5</cols>
  <dt>f</dt>
  <data>
    0. 0. 0. 0. 0.</data></DistortionCam>
<RT type_id="opencv-matrix">
  <rows>4</rows>
  <cols>4</cols>
  <dt>f</dt>
  <data>
    -9.14818421e-02 9.95806813e-01 5.79174468e-08 1.83395064e-03
    4.95281577e-01 4.55001518e-02 -8.67540240e-01 8.67540527e+02
    -8.63902450e-01 -7.93640763e-02 -4.97367084e-01 1.95744258e+04 0. 0.
    0. 1.</data></RT>
<R type_id="opencv-matrix">
  <rows>3</rows>
  <cols>3</cols>
  <dt>f</dt>
  <data>
    -9.14818421e-02 9.95806813e-01 5.79174468e-08 4.95281577e-01
    4.55001518e-02 -8.67540240e-01 -8.63902450e-01 -7.93640763e-02
    -4.97367084e-01</data></R>
<t type_id="opencv-matrix">
  <rows>3</rows>
  <cols>1</cols>
  <dt>f</dt>
  <data>
    1.83395064e-03 8.67540527e+02 1.95744258e+04</data></t>
</opencv_storage>
