<?xml version="1.0"?>
<opencv_storage>
<P type_id="opencv-matrix">
  <rows>4</rows>
  <cols>4</cols>
  <dt>f</dt>
  <data>
    -1.59804834e+03 3.76049243e+03 -4.75962341e+02 18848028.
    1.18120789e+03 2.34958649e+02 -3.19871338e+03 13532997.
    -8.51752818e-01 -1.69425055e-01 -4.95794624e-01 1.96333594e+04 0. 0.
    0. 1.</data></P>
<IntrinsicCam type_id="opencv-matrix">
  <rows>3</rows>
  <cols>3</cols>
  <dt>f</dt>
  <data>
    4000. 0. 960. 0. 3375. 540. 0. 0. 1.</data></IntrinsicCam>
<DistortionCam type_id="opencv-matrix">
  <rows>1</rows>
  <cols>5</cols>
  <dt>f</dt>
  <data>
    0. 0. 0. 0. 0.</data></DistortionCam>
<RT type_id="opencv-matrix">
  <rows>4</rows>
  <cols>4</cols>
  <dt>f</dt>
  <data>
    -1.95091411e-01 9.80785072e-01 1.22306687e-07 9.14476230e-04
    4.86267984e-01 9.67253894e-02 -8.68439794e-01 8.68439331e+02
    -8.51752818e-01 -1.69425055e-01 -4.95794624e-01 1.96333594e+04 0. 0.
    0. 1.</data></RT>
<R type_id="opencv-matrix">
  <rows>3</rows>
  <cols>3</cols>
  <dt>f</dt>
  <data>
    -1.95091411e-01 9.80785072e-01 1.22306687e-07 4.86267984e-01
    9.67253894e-02 -8.68439794e-01 -8.51752818e-01 -1.69425055e-01
    -4.95794624e-01</data></R>
<t type_id="opencv-matrix">
  <rows>3</rows>
  <cols>1</cols>
  <dt>f</dt>
  <data>
    9.14476230e-04 8.68439331e+02 1.96333594e+04</data></t>
</opencv_storage>
