<?xml version="1.0"?>
<opencv_storage>
<P type_id="opencv-matrix">
  <rows>4</rows>
  <cols>4</cols>
  <dt>f</dt>
  <data>
    -1.98162219e+03 3.57306543e+03 -4.77472260e+02 18791450.
    1.15570239e+03 3.58883240e+02 -3.19652637e+03 13498136.
    -8.28512549e-01 -2.57279813e-01 -4.97367144e-01 1.95744238e+04 0. 0.
    0. 1.</data></P>
<IntrinsicCam type_id="opencv-matrix">
  <rows>3</rows>
  <cols>3</cols>
  <dt>f</dt>
  <data>
    4000. 0. 960. 0. 3375. 540. 0. 0. 1.</data></IntrinsicCam>
<DistortionCam type_id="opencv-matrix">
  <rows>1</rows>
  <cols>5</cols>
  <dt>f</dt>
  <data>
    0. 0. 0. 0. 0.</data></DistortionCam>
<RT type_id="opencv-matrix">
  <rows>4</rows>
  <cols>4</cols>
  <dt>f</dt>
  <data>
    -2.96562523e-01 9.55013514e-01 5.64986458e-08 8.72268924e-04
    4.74992365e-01 1.47500545e-01 -8.67540181e-01 8.67539673e+02
    -8.28512549e-01 -2.57279813e-01 -4.97367144e-01 1.95744238e+04 0. 0.
    0. 1.</data></RT>
<R type_id="opencv-matrix">
  <rows>3</rows>
  <cols>3</cols>
  <dt>f</dt>
  <data>
    -2.96562523e-01 9.55013514e-01 5.64986458e-08 4.74992365e-01
    1.47500545e-01 -8.67540181e-01 -8.28512549e-01 -2.57279813e-01
    -4.97367144e-01</data></R>
<t type_id="opencv-matrix">
  <rows>3</rows>
  <cols>1</cols>
  <dt>f</dt>
  <data>
    8.72268924e-04 8.67539673e+02 1.95744238e+04</data></t>
</opencv_storage>
