<?xml version="1.0"?>
<opencv_storage>
<P type_id="opencv-matrix">
  <rows>4</rows>
  <cols>4</cols>
  <dt>f</dt>
  <data>
    -2.34463574e+03 3.34627222e+03 -4.76176819e+02 18840004.
    1.10733093e+03 4.75658081e+02 -3.19840479e+03 13528054.
    -7.97821224e-01 -3.42707306e-01 -4.96017158e-01 1.96249961e+04 0. 0.
    0. 1.</data></P>
<IntrinsicCam type_id="opencv-matrix">
  <rows>3</rows>
  <cols>3</cols>
  <dt>f</dt>
  <data>
    4000. 0. 960. 0. 3375. 540. 0. 0. 1.</data></IntrinsicCam>
<DistortionCam type_id="opencv-matrix">
  <rows>1</rows>
  <cols>5</cols>
  <dt>f</dt>
  <data>
    0. 0. 0. 0. 0.</data></DistortionCam>
<RT type_id="opencv-matrix">
  <rows>4</rows>
  <cols>4</cols>
  <dt>f</dt>
  <data>
    -3.94681841e-01 9.18817818e-01 -8.36477838e-08 1.85388571e-03
    4.55749452e-01 1.95768893e-01 -8.68312716e-01 8.68312866e+02
    -7.97821224e-01 -3.42707306e-01 -4.96017158e-01 1.96249961e+04 0. 0.
    0. 1.</data></RT>
<R type_id="opencv-matrix">
  <rows>3</rows>
  <cols>3</cols>
  <dt>f</dt>
  <data>
    -3.94681841e-01 9.18817818e-01 -8.36477838e-08 4.55749452e-01
    1.95768893e-01 -8.68312716e-01 -7.97821224e-01 -3.42707306e-01
    -4.96017158e-01</data></R>
<t type_id="opencv-matrix">
  <rows>3</rows>
  <cols>1</cols>
  <dt>f</dt>
  <data>
    1.85388571e-03 8.68312866e+02 1.96249961e+04</data></t>
</opencv_storage>
