<?xml version="1.0"?>
<opencv_storage>
<P type_id="opencv-matrix">
  <rows>4</rows>
  <cols>4</cols>
  <dt>f</dt>
  <data>
    -2.68135327e+03 3.08285938e+03 -4.77410034e+02 18793758.
    1.05560059e+03 5.91250244e+02 -3.19661597e+03 13499561.
    -7.56931543e-01 -4.23962981e-01 -4.97302711e-01 1.95768340e+04 0. 0.
    0. 1.</data></P>
<IntrinsicCam type_id="opencv-matrix">
  <rows>3</rows>
  <cols>3</cols>
  <dt>f</dt>
  <data>
    4000. 0. 960. 0. 3375. 540. 0. 0. 1.</data></IntrinsicCam>
<DistortionCam type_id="opencv-matrix">
  <rows>1</rows>
  <cols>5</cols>
  <dt>f</dt>
  <data>
    0. 0. 0. 0. 0.</data></DistortionCam>
<RT type_id="opencv-matrix">
  <rows>4</rows>
  <cols>4</cols>
  <dt>f</dt>
  <data>
    -4.88674730e-01 8.72465968e-01 1.48516108e-07 -5.81119210e-04
    4.33879584e-01 2.43019328e-01 -8.67577076e-01 8.67576538e+02
    -7.56931543e-01 -4.23962981e-01 -4.97302711e-01 1.95768340e+04 0. 0.
    0. 1.</data></RT>
<R type_id="opencv-matrix">
  <rows>3</rows>
  <cols>3</cols>
  <dt>f</dt>
  <data>
    -4.88674730e-01 8.72465968e-01 1.48516108e-07 4.33879584e-01
    2.43019328e-01 -8.67577076e-01 -7.56931543e-01 -4.23962981e-01
    -4.97302711e-01</data></R>
<t type_id="opencv-matrix">
  <rows>3</rows>
  <cols>1</cols>
  <dt>f</dt>
  <data>
    -5.81119210e-04 8.67576538e+02 1.95768340e+04</data></t>
</opencv_storage>
