<?xml version="1.0"?>
<opencv_storage>
<P type_id="opencv-matrix">
  <rows>4</rows>
  <cols>4</cols>
  <dt>f</dt>
  <data>
    2.09355713e+03 -3.53830542e+03 -1.37889893e+02 17515244.
    4.73986206e+01 1.47189484e+01 -3.41756665e+03 13192326.
    9.45110559e-01 2.93487638e-01 -1.43635288e-01 1.82450469e+04 0. 0.
    0. 1.</data></P>
<IntrinsicCam type_id="opencv-matrix">
  <rows>3</rows>
  <cols>3</cols>
  <dt>f</dt>
  <data>
    4000. 0. 960. 0. 3375. 540. 0. 0. 1.</data></IntrinsicCam>
<DistortionCam type_id="opencv-matrix">
  <rows>1</rows>
  <cols>5</cols>
  <dt>f</dt>
  <data>
    0. 0. 0. 0. 0.</data></DistortionCam>
<RT type_id="opencv-matrix">
  <rows>4</rows>
  <cols>4</cols>
  <dt>f</dt>
  <data>
    2.96562761e-01 -9.55013394e-01 -2.16756746e-09 7.80324444e-06
    -1.37173653e-01 -4.25968505e-02 -9.89630699e-01 9.89630005e+02
    9.45110559e-01 2.93487638e-01 -1.43635288e-01 1.82450469e+04 0. 0.
    0. 1.</data></RT>
<R type_id="opencv-matrix">
  <rows>3</rows>
  <cols>3</cols>
  <dt>f</dt>
  <data>
    2.96562761e-01 -9.55013394e-01 -2.16756746e-09 -1.37173653e-01
    -4.25968505e-02 -9.89630699e-01 9.45110559e-01 2.93487638e-01
    -1.43635288e-01</data></R>
<t type_id="opencv-matrix">
  <rows>3</rows>
  <cols>1</cols>
  <dt>f</dt>
  <data>
    7.80324444e-06 9.89630005e+02 1.82450469e+04</data></t>
</opencv_storage>
