<?xml version="1.0"?>
<opencv_storage>
<P type_id="opencv-matrix">
  <rows>4</rows>
  <cols>4</cols>
  <dt>f</dt>
  <data>
    -2.98884937e+03 2.78591016e+03 -4.76545654e+02 18826154.
    9.85422363e+02 6.96270935e+02 -3.19787109e+03 13519510.
    -7.08974242e-01 -5.00940263e-01 -4.96401608e-01 1.96105625e+04 0. 0.
    0. 1.</data></P>
<IntrinsicCam type_id="opencv-matrix">
  <rows>3</rows>
  <cols>3</cols>
  <dt>f</dt>
  <data>
    4000. 0. 960. 0. 3375. 540. 0. 0. 1.</data></IntrinsicCam>
<DistortionCam type_id="opencv-matrix">
  <rows>1</rows>
  <cols>5</cols>
  <dt>f</dt>
  <data>
    0. 0. 0. 0. 0.</data></DistortionCam>
<RT type_id="opencv-matrix">
  <rows>4</rows>
  <cols>4</cols>
  <dt>f</dt>
  <data>
    -5.77058554e-01 8.16703200e-01 -2.67649529e-08 3.69868753e-03
    4.05412883e-01 2.86452949e-01 -8.68093133e-01 8.68090820e+02
    -7.08974242e-01 -5.00940263e-01 -4.96401608e-01 1.96105625e+04 0. 0.
    0. 1.</data></RT>
<R type_id="opencv-matrix">
  <rows>3</rows>
  <cols>3</cols>
  <dt>f</dt>
  <data>
    -5.77058554e-01 8.16703200e-01 -2.67649529e-08 4.05412883e-01
    2.86452949e-01 -8.68093133e-01 -7.08974242e-01 -5.00940263e-01
    -4.96401608e-01</data></R>
<t type_id="opencv-matrix">
  <rows>3</rows>
  <cols>1</cols>
  <dt>f</dt>
  <data>
    3.69868753e-03 8.68090820e+02 1.96105625e+04</data></t>
</opencv_storage>
