<?xml version="1.0"?>
<opencv_storage>
<P type_id="opencv-matrix">
  <rows>4</rows>
  <cols>4</cols>
  <dt>f</dt>
  <data>
    -3.26385498e+03 2.45785449e+03 -4.77286469e+02 18798384.
    9.09222229e+02 7.97517334e+02 -3.19679614e+03 13502421.
    -6.52281046e-01 -5.72143257e-01 -4.97173578e-01 1.95816562e+04 0. 0.
    0. 1.</data></P>
<IntrinsicCam type_id="opencv-matrix">
  <rows>3</rows>
  <cols>3</cols>
  <dt>f</dt>
  <data>
    4000. 0. 960. 0. 3375. 540. 0. 0. 1.</data></IntrinsicCam>
<DistortionCam type_id="opencv-matrix">
  <rows>1</rows>
  <cols>5</cols>
  <dt>f</dt>
  <data>
    0. 0. 0. 0. 0.</data></DistortionCam>
<RT type_id="opencv-matrix">
  <rows>4</rows>
  <cols>4</cols>
  <dt>f</dt>
  <data>
    -6.59416318e-01 7.51778007e-01 3.51581946e-08 -1.34531222e-03
    3.73764157e-01 3.27844381e-01 -8.67651105e-01 8.67652344e+02
    -6.52281046e-01 -5.72143257e-01 -4.97173578e-01 1.95816562e+04 0. 0.
    0. 1.</data></RT>
<R type_id="opencv-matrix">
  <rows>3</rows>
  <cols>3</cols>
  <dt>f</dt>
  <data>
    -6.59416318e-01 7.51778007e-01 3.51581946e-08 3.73764157e-01
    3.27844381e-01 -8.67651105e-01 -6.52281046e-01 -5.72143257e-01
    -4.97173578e-01</data></R>
<t type_id="opencv-matrix">
  <rows>3</rows>
  <cols>1</cols>
  <dt>f</dt>
  <data>
    -1.34531222e-03 8.67652344e+02 1.95816562e+04</data></t>
</opencv_storage>
