<?xml version="1.0"?>
<opencv_storage>
<P type_id="opencv-matrix">
  <rows>4</rows>
  <cols>4</cols>
  <dt>f</dt>
  <data>
    -3.50260840e+03 2.10379492e+03 -4.76853943e+02 18814578.
    8.19941772e+02 8.86793213e+02 -3.19742432e+03 13512392.
    -5.89214563e-01 -6.37254059e-01 -4.96722847e-01 1.95985234e+04 0. 0.
    0. 1.</data></P>
<IntrinsicCam type_id="opencv-matrix">
  <rows>3</rows>
  <cols>3</cols>
  <dt>f</dt>
  <data>
    4000. 0. 960. 0. 3375. 540. 0. 0. 1.</data></IntrinsicCam>
<DistortionCam type_id="opencv-matrix">
  <rows>1</rows>
  <cols>5</cols>
  <dt>f</dt>
  <data>
    0. 0. 0. 0. 0.</data></DistortionCam>
<RT type_id="opencv-matrix">
  <rows>4</rows>
  <cols>4</cols>
  <dt>f</dt>
  <data>
    -7.34240592e-01 6.78889692e-01 2.51756838e-09 -1.00296747e-03
    3.37220043e-01 3.64714205e-01 -8.67909312e-01 8.67907959e+02
    -5.89214563e-01 -6.37254059e-01 -4.96722847e-01 1.95985234e+04 0. 0.
    0. 1.</data></RT>
<R type_id="opencv-matrix">
  <rows>3</rows>
  <cols>3</cols>
  <dt>f</dt>
  <data>
    -7.34240592e-01 6.78889692e-01 2.51756838e-09 3.37220043e-01
    3.64714205e-01 -8.67909312e-01 -5.89214563e-01 -6.37254059e-01
    -4.96722847e-01</data></R>
<t type_id="opencv-matrix">
  <rows>3</rows>
  <cols>1</cols>
  <dt>f</dt>
  <data>
    -1.00296747e-03 8.67907959e+02 1.95985234e+04</data></t>
</opencv_storage>
