<?xml version="1.0"?>
<opencv_storage>
<P type_id="opencv-matrix">
  <rows>4</rows>
  <cols>4</cols>
  <dt>f</dt>
  <data>
    -3.70365039e+03 1.72538330e+03 -4.77101776e+02 18805344.
    7.23093262e+02 9.68572632e+02 -3.19706543e+03 13506700.
    -5.19122541e-01 -6.95357740e-01 -4.96980309e-01 1.95888848e+04 0. 0.
    0. 1.</data></P>
<IntrinsicCam type_id="opencv-matrix">
  <rows>3</rows>
  <cols>3</cols>
  <dt>f</dt>
  <data>
    4000. 0. 960. 0. 3375. 540. 0. 0. 1.</data></IntrinsicCam>
<DistortionCam type_id="opencv-matrix">
  <rows>1</rows>
  <cols>5</cols>
  <dt>f</dt>
  <data>
    0. 0. 0. 0. 0.</data></DistortionCam>
<RT type_id="opencv-matrix">
  <rows>4</rows>
  <cols>4</cols>
  <dt>f</dt>
  <data>
    -8.01323175e-01 5.98231673e-01 -1.70246580e-07 3.25044128e-03
    2.97309458e-01 3.98241729e-01 -8.67761791e-01 8.67763672e+02
    -5.19122541e-01 -6.95357740e-01 -4.96980309e-01 1.95888848e+04 0. 0.
    0. 1.</data></RT>
<R type_id="opencv-matrix">
  <rows>3</rows>
  <cols>3</cols>
  <dt>f</dt>
  <data>
    -8.01323175e-01 5.98231673e-01 -1.70246580e-07 2.97309458e-01
    3.98241729e-01 -8.67761791e-01 -5.19122541e-01 -6.95357740e-01
    -4.96980309e-01</data></R>
<t type_id="opencv-matrix">
  <rows>3</rows>
  <cols>1</cols>
  <dt>f</dt>
  <data>
    3.25044128e-03 8.67763672e+02 1.95888848e+04</data></t>
</opencv_storage>
