<?xml version="1.0"?>
<opencv_storage>
<P type_id="opencv-matrix">
  <rows>4</rows>
  <cols>4</cols>
  <dt>f</dt>
  <data>
    -3.86340649e+03 1.32968860e+03 -4.77101746e+02 18805348.
    6.18129150e+02 1.03870837e+03 -3.19706567e+03 13506688.
    -4.43766594e-01 -7.45709002e-01 -4.96980309e-01 1.95888867e+04 0. 0.
    0. 1.</data></P>
<IntrinsicCam type_id="opencv-matrix">
  <rows>3</rows>
  <cols>3</cols>
  <dt>f</dt>
  <data>
    4000. 0. 960. 0. 3375. 540. 0. 0. 1.</data></IntrinsicCam>
<DistortionCam type_id="opencv-matrix">
  <rows>1</rows>
  <cols>5</cols>
  <dt>f</dt>
  <data>
    0. 0. 0. 0. 0.</data></DistortionCam>
<RT type_id="opencv-matrix">
  <rows>4</rows>
  <cols>4</cols>
  <dt>f</dt>
  <data>
    -8.59347641e-01 5.11392295e-01 -1.60632624e-07 4.12616972e-03
    2.54152030e-01 4.27078873e-01 -8.67761850e-01 8.67759521e+02
    -4.43766594e-01 -7.45709002e-01 -4.96980309e-01 1.95888867e+04 0. 0.
    0. 1.</data></RT>
<R type_id="opencv-matrix">
  <rows>3</rows>
  <cols>3</cols>
  <dt>f</dt>
  <data>
    -8.59347641e-01 5.11392295e-01 -1.60632624e-07 2.54152030e-01
    4.27078873e-01 -8.67761850e-01 -4.43766594e-01 -7.45709002e-01
    -4.96980309e-01</data></R>
<t type_id="opencv-matrix">
  <rows>3</rows>
  <cols>1</cols>
  <dt>f</dt>
  <data>
    4.12616972e-03 8.67759521e+02 1.95888867e+04</data></t>
</opencv_storage>
