<?xml version="1.0"?>
<opencv_storage>
<P type_id="opencv-matrix">
  <rows>4</rows>
  <cols>4</cols>
  <dt>f</dt>
  <data>
    -4.05541577e+03 4.97397034e+02 -4.77286194e+02 18798388.
    3.88865295e+02 1.14520898e+03 -3.19679639e+03 13502417.
    -2.78974324e-01 -8.21578801e-01 -4.97173637e-01 1.95816562e+04 0. 0.
    0. 1.</data></P>
<IntrinsicCam type_id="opencv-matrix">
  <rows>3</rows>
  <cols>3</cols>
  <dt>f</dt>
  <data>
    4000. 0. 960. 0. 3375. 540. 0. 0. 1.</data></IntrinsicCam>
<DistortionCam type_id="opencv-matrix">
  <rows>1</rows>
  <cols>5</cols>
  <dt>f</dt>
  <data>
    0. 0. 0. 0. 0.</data></DistortionCam>
<RT type_id="opencv-matrix">
  <rows>4</rows>
  <cols>4</cols>
  <dt>f</dt>
  <data>
    -9.46900070e-01 3.21528167e-01 1.23864069e-07 -3.22561245e-04
    1.59855232e-01 4.70773786e-01 -8.67651105e-01 8.67651367e+02
    -2.78974324e-01 -8.21578801e-01 -4.97173637e-01 1.95816562e+04 0. 0.
    0. 1.</data></RT>
<R type_id="opencv-matrix">
  <rows>3</rows>
  <cols>3</cols>
  <dt>f</dt>
  <data>
    -9.46900070e-01 3.21528167e-01 1.23864069e-07 1.59855232e-01
    4.70773786e-01 -8.67651105e-01 -2.78974324e-01 -8.21578801e-01
    -4.97173637e-01</data></R>
<t type_id="opencv-matrix">
  <rows>3</rows>
  <cols>1</cols>
  <dt>f</dt>
  <data>
    -3.22561245e-04 8.67651367e+02 1.95816562e+04</data></t>
</opencv_storage>
