<?xml version="1.0"?>
<opencv_storage>
<P type_id="opencv-matrix">
  <rows>4</rows>
  <cols>4</cols>
  <dt>f</dt>
  <data>
    -4.07018945e+03 -3.56705139e+02 -4.77413330e+02 18793808.
    1.42284027e+02 1.20150977e+03 -3.19661646e+03 13499559.
    -1.02024555e-01 -8.61557424e-01 -4.97302592e-01 1.95768359e+04 0. 0.
    0. 1.</data></P>
<IntrinsicCam type_id="opencv-matrix">
  <rows>3</rows>
  <cols>3</cols>
  <dt>f</dt>
  <data>
    4000. 0. 960. 0. 3375. 540. 0. 0. 1.</data></IntrinsicCam>
<DistortionCam type_id="opencv-matrix">
  <rows>1</rows>
  <cols>5</cols>
  <dt>f</dt>
  <data>
    0. 0. 0. 0. 0.</data></DistortionCam>
<RT type_id="opencv-matrix">
  <rows>4</rows>
  <cols>4</cols>
  <dt>f</dt>
  <data>
    -9.93061483e-01 1.17597505e-01 -7.10115046e-07 1.14762206e-02
    5.84821589e-02 4.93852079e-01 -8.67577195e-01 8.67575623e+02
    -1.02024555e-01 -8.61557424e-01 -4.97302592e-01 1.95768359e+04 0. 0.
    0. 1.</data></RT>
<R type_id="opencv-matrix">
  <rows>3</rows>
  <cols>3</cols>
  <dt>f</dt>
  <data>
    -9.93061483e-01 1.17597505e-01 -7.10115046e-07 5.84821589e-02
    4.93852079e-01 -8.67577195e-01 -1.02024555e-01 -8.61557424e-01
    -4.97302592e-01</data></R>
<t type_id="opencv-matrix">
  <rows>3</rows>
  <cols>1</cols>
  <dt>f</dt>
  <data>
    1.14762206e-02 8.67575623e+02 1.95768359e+04</data></t>
</opencv_storage>
