<?xml version="1.0"?>
<opencv_storage>
<P type_id="opencv-matrix">
  <rows>4</rows>
  <cols>4</cols>
  <dt>f</dt>
  <data>
    -4.01051514e+03 -7.81423218e+02 -4.76176453e+02 18839996.
    1.56931877e+01 1.20506665e+03 -3.19840479e+03 13528058.
    -1.13067934e-02 -8.68239105e-01 -4.96017128e-01 1.96249961e+04 0. 0.
    0. 1.</data></P>
<IntrinsicCam type_id="opencv-matrix">
  <rows>3</rows>
  <cols>3</cols>
  <dt>f</dt>
  <data>
    4000. 0. 960. 0. 3375. 540. 0. 0. 1.</data></IntrinsicCam>
<DistortionCam type_id="opencv-matrix">
  <rows>1</rows>
  <cols>5</cols>
  <dt>f</dt>
  <data>
    0. 0. 0. 0. 0.</data></DistortionCam>
<RT type_id="opencv-matrix">
  <rows>4</rows>
  <cols>4</cols>
  <dt>f</dt>
  <data>
    -9.99915183e-01 1.30215678e-02 2.46282494e-10 1.26757041e-05
    6.45892043e-03 4.95975047e-01 -8.68312716e-01 8.68313965e+02
    -1.13067934e-02 -8.68239105e-01 -4.96017128e-01 1.96249961e+04 0. 0.
    0. 1.</data></RT>
<R type_id="opencv-matrix">
  <rows>3</rows>
  <cols>3</cols>
  <dt>f</dt>
  <data>
    -9.99915183e-01 1.30215678e-02 2.46282494e-10 6.45892043e-03
    4.95975047e-01 -8.68312716e-01 -1.13067934e-02 -8.68239105e-01
    -4.96017128e-01</data></R>
<t type_id="opencv-matrix">
  <rows>3</rows>
  <cols>1</cols>
  <dt>f</dt>
  <data>
    1.26757041e-05 8.68313965e+02 1.96249961e+04</data></t>
</opencv_storage>
