<?xml version="1.0"?>
<opencv_storage>
<P type_id="opencv-matrix">
  <rows>4</rows>
  <cols>4</cols>
  <dt>f</dt>
  <data>
    2.45171240e+03 -3.30027710e+03 -1.37403168e+02 17576274.
    4.72101440e+01 2.02794342e+01 -3.41754102e+03 13226912.
    9.09357667e-01 3.90618712e-01 -1.43128484e-01 1.83086250e+04 0. 0.
    0. 1.</data></P>
<IntrinsicCam type_id="opencv-matrix">
  <rows>3</rows>
  <cols>3</cols>
  <dt>f</dt>
  <data>
    4000. 0. 960. 0. 3375. 540. 0. 0. 1.</data></IntrinsicCam>
<DistortionCam type_id="opencv-matrix">
  <rows>1</rows>
  <cols>5</cols>
  <dt>f</dt>
  <data>
    0. 0. 0. 0. 0.</data></DistortionCam>
<RT type_id="opencv-matrix">
  <rows>4</rows>
  <cols>4</cols>
  <dt>f</dt>
  <data>
    3.94682258e-01 -9.18817759e-01 4.45878392e-08 -1.62535999e-03
    -1.31509036e-01 -5.64902686e-02 -9.89704192e-01 9.89704956e+02
    9.09357667e-01 3.90618712e-01 -1.43128484e-01 1.83086250e+04 0. 0.
    0. 1.</data></RT>
<R type_id="opencv-matrix">
  <rows>3</rows>
  <cols>3</cols>
  <dt>f</dt>
  <data>
    3.94682258e-01 -9.18817759e-01 4.45878392e-08 -1.31509036e-01
    -5.64902686e-02 -9.89704192e-01 9.09357667e-01 3.90618712e-01
    -1.43128484e-01</data></R>
<t type_id="opencv-matrix">
  <rows>3</rows>
  <cols>1</cols>
  <dt>f</dt>
  <data>
    -1.62535999e-03 9.89704956e+02 1.83086250e+04</data></t>
</opencv_storage>
