<?xml version="1.0"?>
<opencv_storage>
<P type_id="opencv-matrix">
  <rows>4</rows>
  <cols>4</cols>
  <dt>f</dt>
  <data>
    -3.90703955e+03 -1.19526575e+03 -4.77478119e+02 18791442.
    -1.10699188e+02 1.20506921e+03 -3.19652637e+03 13498138.
    7.93631449e-02 -8.63902450e-01 -4.97367173e-01 1.95744180e+04 0. 0.
    0. 1.</data></P>
<IntrinsicCam type_id="opencv-matrix">
  <rows>3</rows>
  <cols>3</cols>
  <dt>f</dt>
  <data>
    4000. 0. 960. 0. 3375. 540. 0. 0. 1.</data></IntrinsicCam>
<DistortionCam type_id="opencv-matrix">
  <rows>1</rows>
  <cols>5</cols>
  <dt>f</dt>
  <data>
    0. 0. 0. 0. 0.</data></DistortionCam>
<RT type_id="opencv-matrix">
  <rows>4</rows>
  <cols>4</cols>
  <dt>f</dt>
  <data>
    -9.95807052e-01 -9.14798528e-02 -1.41243834e-06 -7.84983858e-05
    -4.54978608e-02 4.95281935e-01 -8.67540181e-01 8.67541321e+02
    7.93631449e-02 -8.63902450e-01 -4.97367173e-01 1.95744180e+04 0. 0.
    0. 1.</data></RT>
<R type_id="opencv-matrix">
  <rows>3</rows>
  <cols>3</cols>
  <dt>f</dt>
  <data>
    -9.95807052e-01 -9.14798528e-02 -1.41243834e-06 -4.54978608e-02
    4.95281935e-01 -8.67540181e-01 7.93631449e-02 -8.63902450e-01
    -4.97367173e-01</data></R>
<t type_id="opencv-matrix">
  <rows>3</rows>
  <cols>1</cols>
  <dt>f</dt>
  <data>
    -7.84983858e-05 8.67541321e+02 1.95744180e+04</data></t>
</opencv_storage>
