<?xml version="1.0"?>
<opencv_storage>
<P type_id="opencv-matrix">
  <rows>4</rows>
  <cols>4</cols>
  <dt>f</dt>
  <data>
    2.78358594e+03 -3.02559790e+03 -1.37866440e+02 17518150.
    4.33748474e+01 2.42946472e+01 -3.41756567e+03 13193979.
    8.63422036e-01 4.83609706e-01 -1.43610999e-01 1.82480801e+04 0. 0.
    0. 1.</data></P>
<IntrinsicCam type_id="opencv-matrix">
  <rows>3</rows>
  <cols>3</cols>
  <dt>f</dt>
  <data>
    4000. 0. 960. 0. 3375. 540. 0. 0. 1.</data></IntrinsicCam>
<DistortionCam type_id="opencv-matrix">
  <rows>1</rows>
  <cols>5</cols>
  <dt>f</dt>
  <data>
    0. 0. 0. 0. 0.</data></DistortionCam>
<RT type_id="opencv-matrix">
  <rows>4</rows>
  <cols>4</cols>
  <dt>f</dt>
  <data>
    4.88675177e-01 -8.72465849e-01 3.21657367e-08 -1.58064044e-03
    -1.25295714e-01 -7.01791346e-02 -9.89634275e-01 9.89634338e+02
    8.63422036e-01 4.83609706e-01 -1.43610999e-01 1.82480801e+04 0. 0.
    0. 1.</data></RT>
<R type_id="opencv-matrix">
  <rows>3</rows>
  <cols>3</cols>
  <dt>f</dt>
  <data>
    4.88675177e-01 -8.72465849e-01 3.21657367e-08 -1.25295714e-01
    -7.01791346e-02 -9.89634275e-01 8.63422036e-01 4.83609706e-01
    -1.43610999e-01</data></R>
<t type_id="opencv-matrix">
  <rows>3</rows>
  <cols>1</cols>
  <dt>f</dt>
  <data>
    -1.58064044e-03 9.89634338e+02 1.82480801e+04</data></t>
</opencv_storage>
