<?xml version="1.0"?>
<opencv_storage>
<P type_id="opencv-matrix">
  <rows>4</rows>
  <cols>4</cols>
  <dt>f</dt>
  <data>
    -3.53830933e+03 -2.09355200e+03 -1.37890701e+02 17515216.
    1.47195587e+01 -4.73980408e+01 -3.41756689e+03 13192321.
    2.93486238e-01 -9.45111096e-01 -1.43635169e-01 1.82450352e+04 0. 0.
    0. 1.</data></P>
<IntrinsicCam type_id="opencv-matrix">
  <rows>3</rows>
  <cols>3</cols>
  <dt>f</dt>
  <data>
    4000. 0. 960. 0. 3375. 540. 0. 0. 1.</data></IntrinsicCam>
<DistortionCam type_id="opencv-matrix">
  <rows>1</rows>
  <cols>5</cols>
  <dt>f</dt>
  <data>
    0. 0. 0. 0. 0.</data></DistortionCam>
<RT type_id="opencv-matrix">
  <rows>4</rows>
  <cols>4</cols>
  <dt>f</dt>
  <data>
    -9.55014050e-01 -2.96561331e-01 -2.35213776e-07 -4.52432409e-03
    -4.25964482e-02 1.37173906e-01 -9.89630818e-01 9.89630310e+02
    2.93486238e-01 -9.45111096e-01 -1.43635169e-01 1.82450352e+04 0. 0.
    0. 1.</data></RT>
<R type_id="opencv-matrix">
  <rows>3</rows>
  <cols>3</cols>
  <dt>f</dt>
  <data>
    -9.55014050e-01 -2.96561331e-01 -2.35213776e-07 -4.25964482e-02
    1.37173906e-01 -9.89630818e-01 2.93486238e-01 -9.45111096e-01
    -1.43635169e-01</data></R>
<t type_id="opencv-matrix">
  <rows>3</rows>
  <cols>1</cols>
  <dt>f</dt>
  <data>
    -4.52432409e-03 9.89630310e+02 1.82450352e+04</data></t>
</opencv_storage>
