<?xml version="1.0"?>
<opencv_storage>
<P type_id="opencv-matrix">
  <rows>4</rows>
  <cols>4</cols>
  <dt>f</dt>
  <data>
    3.08418066e+03 -2.71854980e+03 -1.37541870e+02 17558860.
    4.15566711e+01 2.93628235e+01 -3.41754834e+03 13217047.
    8.08277011e-01 5.71105301e-01 -1.43272713e-01 1.82904844e+04 0. 0.
    0. 1.</data></P>
<IntrinsicCam type_id="opencv-matrix">
  <rows>3</rows>
  <cols>3</cols>
  <dt>f</dt>
  <data>
    4000. 0. 960. 0. 3375. 540. 0. 0. 1.</data></IntrinsicCam>
<DistortionCam type_id="opencv-matrix">
  <rows>1</rows>
  <cols>5</cols>
  <dt>f</dt>
  <data>
    0. 0. 0. 0. 0.</data></DistortionCam>
<RT type_id="opencv-matrix">
  <rows>4</rows>
  <cols>4</cols>
  <dt>f</dt>
  <data>
    5.77058673e-01 -8.16702724e-01 -1.42657868e-08 -9.25205648e-04
    -1.17011227e-01 -8.26767460e-02 -9.89683270e-01 9.89684509e+02
    8.08277011e-01 5.71105301e-01 -1.43272713e-01 1.82904844e+04 0. 0.
    0. 1.</data></RT>
<R type_id="opencv-matrix">
  <rows>3</rows>
  <cols>3</cols>
  <dt>f</dt>
  <data>
    5.77058673e-01 -8.16702724e-01 -1.42657868e-08 -1.17011227e-01
    -8.26767460e-02 -9.89683270e-01 8.08277011e-01 5.71105301e-01
    -1.43272713e-01</data></R>
<t type_id="opencv-matrix">
  <rows>3</rows>
  <cols>1</cols>
  <dt>f</dt>
  <data>
    -9.25205648e-04 9.89684509e+02 1.82904844e+04</data></t>
</opencv_storage>
