<?xml version="1.0"?>
<opencv_storage>
<P type_id="opencv-matrix">
  <rows>4</rows>
  <cols>4</cols>
  <dt>f</dt>
  <data>
    3.77365332e+03 -1.63161475e+03 -1.37750229e+02 17532708.
    2.99913940e+01 4.01731262e+01 -3.41755933e+03 13202224.
    5.92040539e-01 7.93031335e-01 -1.43489912e-01 1.82632383e+04 0. 0.
    0. 1.</data></P>
<IntrinsicCam type_id="opencv-matrix">
  <rows>3</rows>
  <cols>3</cols>
  <dt>f</dt>
  <data>
    4000. 0. 960. 0. 3375. 540. 0. 0. 1.</data></IntrinsicCam>
<DistortionCam type_id="opencv-matrix">
  <rows>1</rows>
  <cols>5</cols>
  <dt>f</dt>
  <data>
    0. 0. 0. 0. 0.</data></DistortionCam>
<RT type_id="opencv-matrix">
  <rows>4</rows>
  <cols>4</cols>
  <dt>f</dt>
  <data>
    8.01323593e-01 -5.98231196e-01 2.36906565e-08 -8.52863959e-05
    -8.58401507e-02 -1.14981860e-01 -9.89651799e-01 9.89651794e+02
    5.92040539e-01 7.93031335e-01 -1.43489912e-01 1.82632383e+04 0. 0.
    0. 1.</data></RT>
<R type_id="opencv-matrix">
  <rows>3</rows>
  <cols>3</cols>
  <dt>f</dt>
  <data>
    8.01323593e-01 -5.98231196e-01 2.36906565e-08 -8.58401507e-02
    -1.14981860e-01 -9.89651799e-01 5.92040539e-01 7.93031335e-01
    -1.43489912e-01</data></R>
<t type_id="opencv-matrix">
  <rows>3</rows>
  <cols>1</cols>
  <dt>f</dt>
  <data>
    -8.52863959e-05 9.89651794e+02 1.82632383e+04</data></t>
</opencv_storage>
