<?xml version="1.0"?>
<opencv_storage>
<P type_id="opencv-matrix">
  <rows>4</rows>
  <cols>4</cols>
  <dt>f</dt>
  <data>
    3.92324731e+03 -1.22912817e+03 -1.37750336e+02 17532700.
    2.56377411e+01 4.30822449e+01 -3.41755957e+03 13202226.
    5.06099343e-01 8.50455284e-01 -1.43489897e-01 1.82632363e+04 0. 0.
    0. 1.</data></P>
<IntrinsicCam type_id="opencv-matrix">
  <rows>3</rows>
  <cols>3</cols>
  <dt>f</dt>
  <data>
    4000. 0. 960. 0. 3375. 540. 0. 0. 1.</data></IntrinsicCam>
<DistortionCam type_id="opencv-matrix">
  <rows>1</rows>
  <cols>5</cols>
  <dt>f</dt>
  <data>
    0. 0. 0. 0. 0.</data></DistortionCam>
<RT type_id="opencv-matrix">
  <rows>4</rows>
  <cols>4</cols>
  <dt>f</dt>
  <data>
    8.59347939e-01 -5.11391342e-01 -7.00796399e-09 -1.43961504e-03
    -7.33795241e-02 -1.23307735e-01 -9.89651859e-01 9.89652649e+02
    5.06099343e-01 8.50455284e-01 -1.43489897e-01 1.82632363e+04 0. 0.
    0. 1.</data></RT>
<R type_id="opencv-matrix">
  <rows>3</rows>
  <cols>3</cols>
  <dt>f</dt>
  <data>
    8.59347939e-01 -5.11391342e-01 -7.00796399e-09 -7.33795241e-02
    -1.23307735e-01 -9.89651859e-01 5.06099343e-01 8.50455284e-01
    -1.43489897e-01</data></R>
<t type_id="opencv-matrix">
  <rows>3</rows>
  <cols>1</cols>
  <dt>f</dt>
  <data>
    -1.43961504e-03 9.89652649e+02 1.82632363e+04</data></t>
</opencv_storage>
