<?xml version="1.0"?>
<opencv_storage>
<P type_id="opencv-matrix">
  <rows>4</rows>
  <cols>4</cols>
  <dt>f</dt>
  <data>
    4.03043213e+03 -8.11337280e+02 -1.37657547e+02 17544342.
    2.11229858e+01 4.58340149e+01 -3.41755444e+03 13208813.
    4.14223105e-01 8.98808956e-01 -1.43393278e-01 1.82753555e+04 0. 0.
    0. 1.</data></P>
<IntrinsicCam type_id="opencv-matrix">
  <rows>3</rows>
  <cols>3</cols>
  <dt>f</dt>
  <data>
    4000. 0. 960. 0. 3375. 540. 0. 0. 1.</data></IntrinsicCam>
<DistortionCam type_id="opencv-matrix">
  <rows>1</rows>
  <cols>5</cols>
  <dt>f</dt>
  <data>
    0. 0. 0. 0. 0.</data></DistortionCam>
<RT type_id="opencv-matrix">
  <rows>4</rows>
  <cols>4</cols>
  <dt>f</dt>
  <data>
    9.08194482e-01 -4.18548465e-01 7.09972470e-10 -2.55590271e-06
    -6.00170344e-02 -1.30228981e-01 -9.89665806e-01 9.89665527e+02
    4.14223105e-01 8.98808956e-01 -1.43393278e-01 1.82753555e+04 0. 0.
    0. 1.</data></RT>
<R type_id="opencv-matrix">
  <rows>3</rows>
  <cols>3</cols>
  <dt>f</dt>
  <data>
    9.08194482e-01 -4.18548465e-01 7.09972470e-10 -6.00170344e-02
    -1.30228981e-01 -9.89665806e-01 4.14223105e-01 8.98808956e-01
    -1.43393278e-01</data></R>
<t type_id="opencv-matrix">
  <rows>3</rows>
  <cols>1</cols>
  <dt>f</dt>
  <data>
    -2.55590271e-06 9.89665527e+02 1.82753555e+04</data></t>
</opencv_storage>
