<?xml version="1.0"?>
<opencv_storage>
<P type_id="opencv-matrix">
  <rows>4</rows>
  <cols>4</cols>
  <dt>f</dt>
  <data>
    4.09307007e+03 -3.86501160e+02 -1.37820068e+02 17523978.
    1.60386200e+01 4.72342834e+01 -3.41756299e+03 13197285.
    3.18196654e-01 9.37091649e-01 -1.43562436e-01 1.82541484e+04 0. 0.
    0. 1.</data></P>
<IntrinsicCam type_id="opencv-matrix">
  <rows>3</rows>
  <cols>3</cols>
  <dt>f</dt>
  <data>
    4000. 0. 960. 0. 3375. 540. 0. 0. 1.</data></IntrinsicCam>
<DistortionCam type_id="opencv-matrix">
  <rows>1</rows>
  <cols>5</cols>
  <dt>f</dt>
  <data>
    0. 0. 0. 0. 0.</data></DistortionCam>
<RT type_id="opencv-matrix">
  <rows>4</rows>
  <cols>4</cols>
  <dt>f</dt>
  <data>
    9.46900308e-01 -3.21527272e-01 -2.95431946e-08 -8.70206975e-04
    -4.61592786e-02 -1.35939315e-01 -9.89641309e-01 9.89642944e+02
    3.18196654e-01 9.37091649e-01 -1.43562436e-01 1.82541484e+04 0. 0.
    0. 1.</data></RT>
<R type_id="opencv-matrix">
  <rows>3</rows>
  <cols>3</cols>
  <dt>f</dt>
  <data>
    9.46900308e-01 -3.21527272e-01 -2.95431946e-08 -4.61592786e-02
    -1.35939315e-01 -9.89641309e-01 3.18196654e-01 9.37091649e-01
    -1.43562436e-01</data></R>
<t type_id="opencv-matrix">
  <rows>3</rows>
  <cols>1</cols>
  <dt>f</dt>
  <data>
    -8.70206975e-04 9.89642944e+02 1.82541484e+04</data></t>
</opencv_storage>
