<?xml version="1.0"?>
<opencv_storage>
<P type_id="opencv-matrix">
  <rows>4</rows>
  <cols>4</cols>
  <dt>f</dt>
  <data>
    4.08396851e+03 4.73068878e+02 -1.37866516e+02 17518160.
    5.84632111e+00 4.93706055e+01 -3.41756641e+03 13193986.
    1.16378047e-01 9.82767761e-01 -1.43610969e-01 1.82480879e+04 0. 0.
    0. 1.</data></P>
<IntrinsicCam type_id="opencv-matrix">
  <rows>3</rows>
  <cols>3</cols>
  <dt>f</dt>
  <data>
    4000. 0. 960. 0. 3375. 540. 0. 0. 1.</data></IntrinsicCam>
<DistortionCam type_id="opencv-matrix">
  <rows>1</rows>
  <cols>5</cols>
  <dt>f</dt>
  <data>
    0. 0. 0. 0. 0.</data></DistortionCam>
<RT type_id="opencv-matrix">
  <rows>4</rows>
  <cols>4</cols>
  <dt>f</dt>
  <data>
    9.93061423e-01 -1.17597036e-01 5.30238253e-09 -7.51510437e-04
    -1.68882441e-02 -1.42614514e-01 -9.89634454e-01 9.89635376e+02
    1.16378047e-01 9.82767761e-01 -1.43610969e-01 1.82480879e+04 0. 0.
    0. 1.</data></RT>
<R type_id="opencv-matrix">
  <rows>3</rows>
  <cols>3</cols>
  <dt>f</dt>
  <data>
    9.93061423e-01 -1.17597036e-01 5.30238253e-09 -1.68882441e-02
    -1.42614514e-01 -9.89634454e-01 1.16378047e-01 9.82767761e-01
    -1.43610969e-01</data></R>
<t type_id="opencv-matrix">
  <rows>3</rows>
  <cols>1</cols>
  <dt>f</dt>
  <data>
    -7.51510437e-04 9.89635376e+02 1.82480879e+04</data></t>
</opencv_storage>
