<?xml version="1.0"?>
<opencv_storage>
<P type_id="opencv-matrix">
  <rows>4</rows>
  <cols>4</cols>
  <dt>f</dt>
  <data>
    4.01203198e+03 8.97952515e+02 -1.37403305e+02 17576292.
    6.69023514e-01 5.13774109e+01 -3.41754077e+03 13226917.
    1.28866825e-02 9.89620268e-01 -1.43128440e-01 1.83086367e+04 0. 0.
    0. 1.</data></P>
<IntrinsicCam type_id="opencv-matrix">
  <rows>3</rows>
  <cols>3</cols>
  <dt>f</dt>
  <data>
    4000. 0. 960. 0. 3375. 540. 0. 0. 1.</data></IntrinsicCam>
<DistortionCam type_id="opencv-matrix">
  <rows>1</rows>
  <cols>5</cols>
  <dt>f</dt>
  <data>
    0. 0. 0. 0. 0.</data></DistortionCam>
<RT type_id="opencv-matrix">
  <rows>4</rows>
  <cols>4</cols>
  <dt>f</dt>
  <data>
    9.99915242e-01 -1.30207427e-02 -1.08967668e-09 -2.65947401e-05
    -1.86364003e-03 -1.43116310e-01 -9.89704132e-01 9.89704590e+02
    1.28866825e-02 9.89620268e-01 -1.43128440e-01 1.83086367e+04 0. 0.
    0. 1.</data></RT>
<R type_id="opencv-matrix">
  <rows>3</rows>
  <cols>3</cols>
  <dt>f</dt>
  <data>
    9.99915242e-01 -1.30207427e-02 -1.08967668e-09 -1.86364003e-03
    -1.43116310e-01 -9.89704132e-01 1.28866825e-02 9.89620268e-01
    -1.43128440e-01</data></R>
<t type_id="opencv-matrix">
  <rows>3</rows>
  <cols>1</cols>
  <dt>f</dt>
  <data>
    -2.65947401e-05 9.89704590e+02 1.83086367e+04</data></t>
</opencv_storage>
