<?xml version="1.0"?>
<opencv_storage>
<P type_id="opencv-matrix">
  <rows>4</rows>
  <cols>4</cols>
  <dt>f</dt>
  <data>
    -3.30027783e+03 -2.45171021e+03 -1.37404434e+02 17576288.
    2.02797394e+01 -4.72095032e+01 -3.41754077e+03 13226902.
    3.90618086e-01 -9.09357786e-01 -1.43128738e-01 1.83086113e+04 0. 0.
    0. 1.</data></P>
<IntrinsicCam type_id="opencv-matrix">
  <rows>3</rows>
  <cols>3</cols>
  <dt>f</dt>
  <data>
    4000. 0. 960. 0. 3375. 540. 0. 0. 1.</data></IntrinsicCam>
<DistortionCam type_id="opencv-matrix">
  <rows>1</rows>
  <cols>5</cols>
  <dt>f</dt>
  <data>
    0. 0. 0. 0. 0.</data></DistortionCam>
<RT type_id="opencv-matrix">
  <rows>4</rows>
  <cols>4</cols>
  <dt>f</dt>
  <data>
    -9.18817818e-01 -3.94681662e-01 -2.10367304e-07 5.64013515e-03
    -5.64900823e-02 1.31509244e-01 -9.89704072e-01 9.89704285e+02
    3.90618086e-01 -9.09357786e-01 -1.43128738e-01 1.83086113e+04 0. 0.
    0. 1.</data></RT>
<R type_id="opencv-matrix">
  <rows>3</rows>
  <cols>3</cols>
  <dt>f</dt>
  <data>
    -9.18817818e-01 -3.94681662e-01 -2.10367304e-07 -5.64900823e-02
    1.31509244e-01 -9.89704072e-01 3.90618086e-01 -9.09357786e-01
    -1.43128738e-01</data></R>
<t type_id="opencv-matrix">
  <rows>3</rows>
  <cols>1</cols>
  <dt>f</dt>
  <data>
    5.64013515e-03 9.89704285e+02 1.83086113e+04</data></t>
</opencv_storage>
