<?xml version="1.0"?>
<opencv_storage>
<P type_id="opencv-matrix">
  <rows>4</rows>
  <cols>4</cols>
  <dt>f</dt>
  <data>
    3.73778003e+03 1.71223120e+03 -1.37350510e+02 17582966.
    -1.00611725e+01 5.05806885e+01 -3.41753809e+03 13230684.
    -1.93083927e-01 9.70694900e-01 -1.43073440e-01 1.83155879e+04 0. 0.
    0. 1.</data></P>
<IntrinsicCam type_id="opencv-matrix">
  <rows>3</rows>
  <cols>3</cols>
  <dt>f</dt>
  <data>
    4000. 0. 960. 0. 3375. 540. 0. 0. 1.</data></IntrinsicCam>
<DistortionCam type_id="opencv-matrix">
  <rows>1</rows>
  <cols>5</cols>
  <dt>f</dt>
  <data>
    0. 0. 0. 0. 0.</data></DistortionCam>
<RT type_id="opencv-matrix">
  <rows>4</rows>
  <cols>4</cols>
  <dt>f</dt>
  <data>
    9.80785131e-01 1.95091009e-01 -4.76761031e-09 5.05444652e-04
    2.79123392e-02 -1.40324309e-01 -9.89712059e-01 9.89708801e+02
    -1.93083927e-01 9.70694900e-01 -1.43073440e-01 1.83155879e+04 0. 0.
    0. 1.</data></RT>
<R type_id="opencv-matrix">
  <rows>3</rows>
  <cols>3</cols>
  <dt>f</dt>
  <data>
    9.80785131e-01 1.95091009e-01 -4.76761031e-09 2.79123392e-02
    -1.40324309e-01 -9.89712059e-01 -1.93083927e-01 9.70694900e-01
    -1.43073440e-01</data></R>
<t type_id="opencv-matrix">
  <rows>3</rows>
  <cols>1</cols>
  <dt>f</dt>
  <data>
    5.05444652e-04 9.89708801e+02 1.83155879e+04</data></t>
</opencv_storage>
