<?xml version="1.0"?>
<opencv_storage>
<P type_id="opencv-matrix">
  <rows>4</rows>
  <cols>4</cols>
  <dt>f</dt>
  <data>
    3.53830640e+03 2.09355542e+03 -1.37889877e+02 17515252.
    -1.47189026e+01 4.73989258e+01 -3.41756665e+03 13192333.
    -2.93487132e-01 9.45110738e-01 -1.43635228e-01 1.82450547e+04 0. 0.
    0. 1.</data></P>
<IntrinsicCam type_id="opencv-matrix">
  <rows>3</rows>
  <cols>3</cols>
  <dt>f</dt>
  <data>
    4000. 0. 960. 0. 3375. 540. 0. 0. 1.</data></IntrinsicCam>
<DistortionCam type_id="opencv-matrix">
  <rows>1</rows>
  <cols>5</cols>
  <dt>f</dt>
  <data>
    0. 0. 0. 0. 0.</data></DistortionCam>
<RT type_id="opencv-matrix">
  <rows>4</rows>
  <cols>4</cols>
  <dt>f</dt>
  <data>
    9.55013514e-01 2.96562284e-01 -1.45521559e-08 5.23877789e-05
    4.25967835e-02 -1.37173593e-01 -9.89630699e-01 9.89630432e+02
    -2.93487132e-01 9.45110738e-01 -1.43635228e-01 1.82450547e+04 0. 0.
    0. 1.</data></RT>
<R type_id="opencv-matrix">
  <rows>3</rows>
  <cols>3</cols>
  <dt>f</dt>
  <data>
    9.55013514e-01 2.96562284e-01 -1.45521559e-08 4.25967835e-02
    -1.37173593e-01 -9.89630699e-01 -2.93487132e-01 9.45110738e-01
    -1.43635228e-01</data></R>
<t type_id="opencv-matrix">
  <rows>3</rows>
  <cols>1</cols>
  <dt>f</dt>
  <data>
    5.23877789e-05 9.89630432e+02 1.82450547e+04</data></t>
</opencv_storage>
