<?xml version="1.0"?>
<opencv_storage>
<P type_id="opencv-matrix">
  <rows>4</rows>
  <cols>4</cols>
  <dt>f</dt>
  <data>
    3.02559839e+03 2.78358521e+03 -1.37866364e+02 17518162.
    -2.42947083e+01 4.33752441e+01 -3.41756519e+03 13193984.
    -4.83609527e-01 8.63422096e-01 -1.43610910e-01 1.82480840e+04 0. 0.
    0. 1.</data></P>
<IntrinsicCam type_id="opencv-matrix">
  <rows>3</rows>
  <cols>3</cols>
  <dt>f</dt>
  <data>
    4000. 0. 960. 0. 3375. 540. 0. 0. 1.</data></IntrinsicCam>
<DistortionCam type_id="opencv-matrix">
  <rows>1</rows>
  <cols>5</cols>
  <dt>f</dt>
  <data>
    0. 0. 0. 0. 0.</data></DistortionCam>
<RT type_id="opencv-matrix">
  <rows>4</rows>
  <cols>4</cols>
  <dt>f</dt>
  <data>
    8.72465909e-01 4.88675028e-01 2.62370978e-08 3.93827679e-04
    7.01790899e-02 -1.25295609e-01 -9.89634216e-01 9.89635437e+02
    -4.83609527e-01 8.63422096e-01 -1.43610910e-01 1.82480840e+04 0. 0.
    0. 1.</data></RT>
<R type_id="opencv-matrix">
  <rows>3</rows>
  <cols>3</cols>
  <dt>f</dt>
  <data>
    8.72465909e-01 4.88675028e-01 2.62370978e-08 7.01790899e-02
    -1.25295609e-01 -9.89634216e-01 -4.83609527e-01 8.63422096e-01
    -1.43610910e-01</data></R>
<t type_id="opencv-matrix">
  <rows>3</rows>
  <cols>1</cols>
  <dt>f</dt>
  <data>
    3.93827679e-04 9.89635437e+02 1.82480840e+04</data></t>
</opencv_storage>
