<?xml version="1.0"?>
<opencv_storage>
<P type_id="opencv-matrix">
  <rows>4</rows>
  <cols>4</cols>
  <dt>f</dt>
  <data>
    2.71855176e+03 3.08417896e+03 -1.37542236e+02 17558866.
    -2.93626709e+01 4.15562439e+01 -3.41754834e+03 13217039.
    -5.71104765e-01 8.08277369e-01 -1.43272847e-01 1.82904883e+04 0. 0.
    0. 1.</data></P>
<IntrinsicCam type_id="opencv-matrix">
  <rows>3</rows>
  <cols>3</cols>
  <dt>f</dt>
  <data>
    4000. 0. 960. 0. 3375. 540. 0. 0. 1.</data></IntrinsicCam>
<DistortionCam type_id="opencv-matrix">
  <rows>1</rows>
  <cols>5</cols>
  <dt>f</dt>
  <data>
    0. 0. 0. 0. 0.</data></DistortionCam>
<RT type_id="opencv-matrix">
  <rows>4</rows>
  <cols>4</cols>
  <dt>f</dt>
  <data>
    8.16703081e-01 5.77058136e-01 -7.51211218e-08 -7.06126331e-04
    8.26767087e-02 -1.17011420e-01 -9.89683211e-01 9.89681396e+02
    -5.71104765e-01 8.08277369e-01 -1.43272847e-01 1.82904883e+04 0. 0.
    0. 1.</data></RT>
<R type_id="opencv-matrix">
  <rows>3</rows>
  <cols>3</cols>
  <dt>f</dt>
  <data>
    8.16703081e-01 5.77058136e-01 -7.51211218e-08 8.26767087e-02
    -1.17011420e-01 -9.89683211e-01 -5.71104765e-01 8.08277369e-01
    -1.43272847e-01</data></R>
<t type_id="opencv-matrix">
  <rows>3</rows>
  <cols>1</cols>
  <dt>f</dt>
  <data>
    -7.06126331e-04 9.89681396e+02 1.82904883e+04</data></t>
</opencv_storage>
