<?xml version="1.0"?>
<opencv_storage>
<P type_id="opencv-matrix">
  <rows>4</rows>
  <cols>4</cols>
  <dt>f</dt>
  <data>
    2.01797046e+03 3.58196118e+03 -1.37657516e+02 17544344.
    -3.70552368e+01 3.42617493e+01 -3.41755444e+03 13208817.
    -7.26652861e-01 6.71873510e-01 -1.43393233e-01 1.82753535e+04 0. 0.
    0. 1.</data></P>
<IntrinsicCam type_id="opencv-matrix">
  <rows>3</rows>
  <cols>3</cols>
  <dt>f</dt>
  <data>
    4000. 0. 960. 0. 3375. 540. 0. 0. 1.</data></IntrinsicCam>
<DistortionCam type_id="opencv-matrix">
  <rows>1</rows>
  <cols>5</cols>
  <dt>f</dt>
  <data>
    0. 0. 0. 0. 0.</data></DistortionCam>
<RT type_id="opencv-matrix">
  <rows>4</rows>
  <cols>4</cols>
  <dt>f</dt>
  <data>
    6.78889275e-01 7.34240651e-01 -3.26425464e-09 9.88313812e-04
    1.05285130e-01 -9.73481312e-02 -9.89665806e-01 9.89666870e+02
    -7.26652861e-01 6.71873510e-01 -1.43393233e-01 1.82753535e+04 0. 0.
    0. 1.</data></RT>
<R type_id="opencv-matrix">
  <rows>3</rows>
  <cols>3</cols>
  <dt>f</dt>
  <data>
    6.78889275e-01 7.34240651e-01 -3.26425464e-09 1.05285130e-01
    -9.73481312e-02 -9.89665806e-01 -7.26652861e-01 6.71873510e-01
    -1.43393233e-01</data></R>
<t type_id="opencv-matrix">
  <rows>3</rows>
  <cols>1</cols>
  <dt>f</dt>
  <data>
    9.88313812e-04 9.89666870e+02 1.82753535e+04</data></t>
</opencv_storage>
