<?xml version="1.0"?>
<opencv_storage>
<P type_id="opencv-matrix">
  <rows>4</rows>
  <cols>4</cols>
  <dt>f</dt>
  <data>
    1.63161560e+03 3.77365332e+03 -1.37750015e+02 17532720.
    -4.01730957e+01 2.99920654e+01 -3.41755957e+03 13202231.
    -7.93031216e-01 5.92040896e-01 -1.43489778e-01 1.82632422e+04 0. 0.
    0. 1.</data></P>
<IntrinsicCam type_id="opencv-matrix">
  <rows>3</rows>
  <cols>3</cols>
  <dt>f</dt>
  <data>
    4000. 0. 960. 0. 3375. 540. 0. 0. 1.</data></IntrinsicCam>
<DistortionCam type_id="opencv-matrix">
  <rows>1</rows>
  <cols>5</cols>
  <dt>f</dt>
  <data>
    0. 0. 0. 0. 0.</data></DistortionCam>
<RT type_id="opencv-matrix">
  <rows>4</rows>
  <cols>4</cols>
  <dt>f</dt>
  <data>
    5.98231375e-01 8.01323473e-01 4.24908322e-08 1.80015794e-03
    1.14981852e-01 -8.58400092e-02 -9.89651918e-01 9.89653442e+02
    -7.93031216e-01 5.92040896e-01 -1.43489778e-01 1.82632422e+04 0. 0.
    0. 1.</data></RT>
<R type_id="opencv-matrix">
  <rows>3</rows>
  <cols>3</cols>
  <dt>f</dt>
  <data>
    5.98231375e-01 8.01323473e-01 4.24908322e-08 1.14981852e-01
    -8.58400092e-02 -9.89651918e-01 -7.93031216e-01 5.92040896e-01
    -1.43489778e-01</data></R>
<t type_id="opencv-matrix">
  <rows>3</rows>
  <cols>1</cols>
  <dt>f</dt>
  <data>
    1.80015794e-03 9.89653442e+02 1.82632422e+04</data></t>
</opencv_storage>
