<?xml version="1.0"?>
<opencv_storage>
<P type_id="opencv-matrix">
  <rows>4</rows>
  <cols>4</cols>
  <dt>f</dt>
  <data>
    1.22912988e+03 3.92324683e+03 -1.37750046e+02 17532710.
    -4.30819702e+01 2.56381989e+01 -3.41755933e+03 13202225.
    -8.50455046e-01 5.06099761e-01 -1.43489897e-01 1.82632383e+04 0. 0.
    0. 1.</data></P>
<IntrinsicCam type_id="opencv-matrix">
  <rows>3</rows>
  <cols>3</cols>
  <dt>f</dt>
  <data>
    4000. 0. 960. 0. 3375. 540. 0. 0. 1.</data></IntrinsicCam>
<DistortionCam type_id="opencv-matrix">
  <rows>1</rows>
  <cols>5</cols>
  <dt>f</dt>
  <data>
    0. 0. 0. 0. 0.</data></DistortionCam>
<RT type_id="opencv-matrix">
  <rows>4</rows>
  <cols>4</cols>
  <dt>f</dt>
  <data>
    5.11391699e-01 8.59347761e-01 6.58584796e-08 2.51190650e-04
    1.23307779e-01 -7.33794644e-02 -9.89651799e-01 9.89652161e+02
    -8.50455046e-01 5.06099761e-01 -1.43489897e-01 1.82632383e+04 0. 0.
    0. 1.</data></RT>
<R type_id="opencv-matrix">
  <rows>3</rows>
  <cols>3</cols>
  <dt>f</dt>
  <data>
    5.11391699e-01 8.59347761e-01 6.58584796e-08 1.23307779e-01
    -7.33794644e-02 -9.89651799e-01 -8.50455046e-01 5.06099761e-01
    -1.43489897e-01</data></R>
<t type_id="opencv-matrix">
  <rows>3</rows>
  <cols>1</cols>
  <dt>f</dt>
  <data>
    2.51190650e-04 9.89652161e+02 1.82632383e+04</data></t>
</opencv_storage>
