<?xml version="1.0"?>
<opencv_storage>
<P type_id="opencv-matrix">
  <rows>4</rows>
  <cols>4</cols>
  <dt>f</dt>
  <data>
    8.11341125e+02 4.03043140e+03 -1.37657501e+02 17544338.
    -4.58341675e+01 2.11230774e+01 -3.41755444e+03 13208816.
    -8.98808599e-01 4.14223999e-01 -1.43393233e-01 1.82753555e+04 0. 0.
    0. 1.</data></P>
<IntrinsicCam type_id="opencv-matrix">
  <rows>3</rows>
  <cols>3</cols>
  <dt>f</dt>
  <data>
    4000. 0. 960. 0. 3375. 540. 0. 0. 1.</data></IntrinsicCam>
<DistortionCam type_id="opencv-matrix">
  <rows>1</rows>
  <cols>5</cols>
  <dt>f</dt>
  <data>
    0. 0. 0. 0. 0.</data></DistortionCam>
<RT type_id="opencv-matrix">
  <rows>4</rows>
  <cols>4</cols>
  <dt>f</dt>
  <data>
    4.18549359e-01 9.08194065e-01 -1.72100556e-09 -9.70366877e-04
    1.30228877e-01 -6.00171499e-02 -9.89665806e-01 9.89666382e+02
    -8.98808599e-01 4.14223999e-01 -1.43393233e-01 1.82753555e+04 0. 0.
    0. 1.</data></RT>
<R type_id="opencv-matrix">
  <rows>3</rows>
  <cols>3</cols>
  <dt>f</dt>
  <data>
    4.18549359e-01 9.08194065e-01 -1.72100556e-09 1.30228877e-01
    -6.00171499e-02 -9.89665806e-01 -8.98808599e-01 4.14223999e-01
    -1.43393233e-01</data></R>
<t type_id="opencv-matrix">
  <rows>3</rows>
  <cols>1</cols>
  <dt>f</dt>
  <data>
    -9.70366877e-04 9.89666382e+02 1.82753555e+04</data></t>
</opencv_storage>
