<?xml version="1.0"?>
<opencv_storage>
<P type_id="opencv-matrix">
  <rows>4</rows>
  <cols>4</cols>
  <dt>f</dt>
  <data>
    -4.43220825e+01 4.11104834e+03 -1.37542007e+02 17558876.
    -4.96301270e+01 1.12244797e+01 -3.41754834e+03 13217048.
    -9.65303540e-01 2.18316570e-01 -1.43272683e-01 1.82904902e+04 0. 0.
    0. 1.</data></P>
<IntrinsicCam type_id="opencv-matrix">
  <rows>3</rows>
  <cols>3</cols>
  <dt>f</dt>
  <data>
    4000. 0. 960. 0. 3375. 540. 0. 0. 1.</data></IntrinsicCam>
<DistortionCam type_id="opencv-matrix">
  <rows>1</rows>
  <cols>5</cols>
  <dt>f</dt>
  <data>
    0. 0. 0. 0. 0.</data></DistortionCam>
<RT type_id="opencv-matrix">
  <rows>4</rows>
  <cols>4</cols>
  <dt>f</dt>
  <data>
    2.20592335e-01 9.75366116e-01 -5.64257121e-08 1.42383575e-03
    1.39743343e-01 -3.16048786e-02 -9.89683270e-01 9.89683777e+02
    -9.65303540e-01 2.18316570e-01 -1.43272683e-01 1.82904902e+04 0. 0.
    0. 1.</data></RT>
<R type_id="opencv-matrix">
  <rows>3</rows>
  <cols>3</cols>
  <dt>f</dt>
  <data>
    2.20592335e-01 9.75366116e-01 -5.64257121e-08 1.39743343e-01
    -3.16048786e-02 -9.89683270e-01 -9.65303540e-01 2.18316570e-01
    -1.43272683e-01</data></R>
<t type_id="opencv-matrix">
  <rows>3</rows>
  <cols>1</cols>
  <dt>f</dt>
  <data>
    1.42383575e-03 9.89683777e+02 1.82904902e+04</data></t>
</opencv_storage>
