<?xml version="1.0"?>
<opencv_storage>
<P type_id="opencv-matrix">
  <rows>4</rows>
  <cols>4</cols>
  <dt>f</dt>
  <data>
    -4.73067291e+02 4.08396851e+03 -1.37866562e+02 17518160.
    -4.93700867e+01 5.84642792e+00 -3.41756543e+03 13193973.
    -9.82767463e-01 1.16378382e-01 -1.43611088e-01 1.82480820e+04 0. 0.
    0. 1.</data></P>
<IntrinsicCam type_id="opencv-matrix">
  <rows>3</rows>
  <cols>3</cols>
  <dt>f</dt>
  <data>
    4000. 0. 960. 0. 3375. 540. 0. 0. 1.</data></IntrinsicCam>
<DistortionCam type_id="opencv-matrix">
  <rows>1</rows>
  <cols>5</cols>
  <dt>f</dt>
  <data>
    0. 0. 0. 0. 0.</data></DistortionCam>
<RT type_id="opencv-matrix">
  <rows>4</rows>
  <cols>4</cols>
  <dt>f</dt>
  <data>
    1.17597371e-01 9.93061364e-01 1.84852098e-08 6.65875094e-04
    1.42614633e-01 -1.68882664e-02 -9.89634216e-01 9.89632263e+02
    -9.82767463e-01 1.16378382e-01 -1.43611088e-01 1.82480820e+04 0. 0.
    0. 1.</data></RT>
<R type_id="opencv-matrix">
  <rows>3</rows>
  <cols>3</cols>
  <dt>f</dt>
  <data>
    1.17597371e-01 9.93061364e-01 1.84852098e-08 1.42614633e-01
    -1.68882664e-02 -9.89634216e-01 -9.82767463e-01 1.16378382e-01
    -1.43611088e-01</data></R>
<t type_id="opencv-matrix">
  <rows>3</rows>
  <cols>1</cols>
  <dt>f</dt>
  <data>
    6.65875094e-04 9.89632263e+02 1.82480820e+04</data></t>
</opencv_storage>
