<?xml version="1.0"?>
<opencv_storage>
<P type_id="opencv-matrix">
  <rows>4</rows>
  <cols>4</cols>
  <dt>f</dt>
  <data>
    -8.97951416e+02 4.01203271e+03 -1.37402985e+02 17576294.
    -5.13771057e+01 6.69535160e-01 -3.41754102e+03 13226912.
    -9.89620268e-01 1.28870197e-02 -1.43128470e-01 1.83086309e+04 0. 0.
    0. 1.</data></P>
<IntrinsicCam type_id="opencv-matrix">
  <rows>3</rows>
  <cols>3</cols>
  <dt>f</dt>
  <data>
    4000. 0. 960. 0. 3375. 540. 0. 0. 1.</data></IntrinsicCam>
<DistortionCam type_id="opencv-matrix">
  <rows>1</rows>
  <cols>5</cols>
  <dt>f</dt>
  <data>
    0. 0. 0. 0. 0.</data></DistortionCam>
<RT type_id="opencv-matrix">
  <rows>4</rows>
  <cols>4</cols>
  <dt>f</dt>
  <data>
    1.30210128e-02 9.99915302e-01 8.75177903e-08 2.05004821e-03
    1.43116400e-01 -1.86354236e-03 -9.89704192e-01 9.89704102e+02
    -9.89620268e-01 1.28870197e-02 -1.43128470e-01 1.83086309e+04 0. 0.
    0. 1.</data></RT>
<R type_id="opencv-matrix">
  <rows>3</rows>
  <cols>3</cols>
  <dt>f</dt>
  <data>
    1.30210128e-02 9.99915302e-01 8.75177903e-08 1.43116400e-01
    -1.86354236e-03 -9.89704192e-01 -9.89620268e-01 1.28870197e-02
    -1.43128470e-01</data></R>
<t type_id="opencv-matrix">
  <rows>3</rows>
  <cols>1</cols>
  <dt>f</dt>
  <data>
    2.05004821e-03 9.89704102e+02 1.83086309e+04</data></t>
</opencv_storage>
