<?xml version="1.0"?>
<opencv_storage>
<P type_id="opencv-matrix">
  <rows>4</rows>
  <cols>4</cols>
  <dt>f</dt>
  <data>
    -2.09355347e+03 3.53830786e+03 -1.37889359e+02 17515244.
    -4.73988037e+01 -1.47181702e+01 -3.41756689e+03 13192326.
    -9.45110917e-01 -2.93486506e-01 -1.43635243e-01 1.82450469e+04 0. 0.
    0. 1.</data></P>
<IntrinsicCam type_id="opencv-matrix">
  <rows>3</rows>
  <cols>3</cols>
  <dt>f</dt>
  <data>
    4000. 0. 960. 0. 3375. 540. 0. 0. 1.</data></IntrinsicCam>
<DistortionCam type_id="opencv-matrix">
  <rows>1</rows>
  <cols>5</cols>
  <dt>f</dt>
  <data>
    0. 0. 0. 0. 0.</data></DistortionCam>
<RT type_id="opencv-matrix">
  <rows>4</rows>
  <cols>4</cols>
  <dt>f</dt>
  <data>
    -2.96561748e-01 9.55013752e-01 1.16675764e-07 6.82483660e-05
    1.37173653e-01 4.25969027e-02 -9.89630759e-01 9.89629822e+02
    -9.45110917e-01 -2.93486506e-01 -1.43635243e-01 1.82450469e+04 0. 0.
    0. 1.</data></RT>
<R type_id="opencv-matrix">
  <rows>3</rows>
  <cols>3</cols>
  <dt>f</dt>
  <data>
    -2.96561748e-01 9.55013752e-01 1.16675764e-07 1.37173653e-01
    4.25969027e-02 -9.89630759e-01 -9.45110917e-01 -2.93486506e-01
    -1.43635243e-01</data></R>
<t type_id="opencv-matrix">
  <rows>3</rows>
  <cols>1</cols>
  <dt>f</dt>
  <data>
    6.82483660e-05 9.89629822e+02 1.82450469e+04</data></t>
</opencv_storage>
