<?xml version="1.0"?>
<opencv_storage>
<P type_id="opencv-matrix">
  <rows>4</rows>
  <cols>4</cols>
  <dt>f</dt>
  <data>
    -2.45170996e+03 3.30027954e+03 -1.37402847e+02 17576288.
    -4.72102661e+01 -2.02785034e+01 -3.41754126e+03 13226908.
    -9.09358084e-01 -3.90617818e-01 -1.43128440e-01 1.83086270e+04 0. 0.
    0. 1.</data></P>
<IntrinsicCam type_id="opencv-matrix">
  <rows>3</rows>
  <cols>3</cols>
  <dt>f</dt>
  <data>
    4000. 0. 960. 0. 3375. 540. 0. 0. 1.</data></IntrinsicCam>
<DistortionCam type_id="opencv-matrix">
  <rows>1</rows>
  <cols>5</cols>
  <dt>f</dt>
  <data>
    0. 0. 0. 0. 0.</data></DistortionCam>
<RT type_id="opencv-matrix">
  <rows>4</rows>
  <cols>4</cols>
  <dt>f</dt>
  <data>
    -3.94681573e-01 9.18818176e-01 1.15056544e-07 1.53892126e-03
    1.31509066e-01 5.64904064e-02 -9.89704251e-01 9.89703369e+02
    -9.09358084e-01 -3.90617818e-01 -1.43128440e-01 1.83086270e+04 0. 0.
    0. 1.</data></RT>
<R type_id="opencv-matrix">
  <rows>3</rows>
  <cols>3</cols>
  <dt>f</dt>
  <data>
    -3.94681573e-01 9.18818176e-01 1.15056544e-07 1.31509066e-01
    5.64904064e-02 -9.89704251e-01 -9.09358084e-01 -3.90617818e-01
    -1.43128440e-01</data></R>
<t type_id="opencv-matrix">
  <rows>3</rows>
  <cols>1</cols>
  <dt>f</dt>
  <data>
    1.53892126e-03 9.89703369e+02 1.83086270e+04</data></t>
</opencv_storage>
