<?xml version="1.0"?>
<opencv_storage>
<P type_id="opencv-matrix">
  <rows>4</rows>
  <cols>4</cols>
  <dt>f</dt>
  <data>
    -2.78358447e+03 3.02560059e+03 -1.37866104e+02 17518170.
    -4.33750305e+01 -2.42938080e+01 -3.41756567e+03 13193974.
    -8.63422513e-01 -4.83609021e-01 -1.43610910e-01 1.82480820e+04 0. 0.
    0. 1.</data></P>
<IntrinsicCam type_id="opencv-matrix">
  <rows>3</rows>
  <cols>3</cols>
  <dt>f</dt>
  <data>
    4000. 0. 960. 0. 3375. 540. 0. 0. 1.</data></IntrinsicCam>
<DistortionCam type_id="opencv-matrix">
  <rows>1</rows>
  <cols>5</cols>
  <dt>f</dt>
  <data>
    0. 0. 0. 0. 0.</data></DistortionCam>
<RT type_id="opencv-matrix">
  <rows>4</rows>
  <cols>4</cols>
  <dt>f</dt>
  <data>
    -4.88674670e-01 8.72466326e-01 9.15597980e-08 3.08835343e-03
    1.25295743e-01 7.01792762e-02 -9.89634335e-01 9.89632751e+02
    -8.63422513e-01 -4.83609021e-01 -1.43610910e-01 1.82480820e+04 0. 0.
    0. 1.</data></RT>
<R type_id="opencv-matrix">
  <rows>3</rows>
  <cols>3</cols>
  <dt>f</dt>
  <data>
    -4.88674670e-01 8.72466326e-01 9.15597980e-08 1.25295743e-01
    7.01792762e-02 -9.89634335e-01 -8.63422513e-01 -4.83609021e-01
    -1.43610910e-01</data></R>
<t type_id="opencv-matrix">
  <rows>3</rows>
  <cols>1</cols>
  <dt>f</dt>
  <data>
    3.08835343e-03 9.89632751e+02 1.82480820e+04</data></t>
</opencv_storage>
