<?xml version="1.0"?>
<opencv_storage>
<P type_id="opencv-matrix">
  <rows>4</rows>
  <cols>4</cols>
  <dt>f</dt>
  <data>
    -2.71855273e+03 -3.08417822e+03 -1.37542557e+02 17558848.
    2.93627319e+01 -4.15557556e+01 -3.41754858e+03 13217031.
    5.71104586e-01 -8.08277488e-01 -1.43272892e-01 1.82904727e+04 0. 0.
    0. 1.</data></P>
<IntrinsicCam type_id="opencv-matrix">
  <rows>3</rows>
  <cols>3</cols>
  <dt>f</dt>
  <data>
    4000. 0. 960. 0. 3375. 540. 0. 0. 1.</data></IntrinsicCam>
<DistortionCam type_id="opencv-matrix">
  <rows>1</rows>
  <cols>5</cols>
  <dt>f</dt>
  <data>
    0. 0. 0. 0. 0.</data></DistortionCam>
<RT type_id="opencv-matrix">
  <rows>4</rows>
  <cols>4</cols>
  <dt>f</dt>
  <data>
    -8.16703260e-01 -5.77057958e-01 -1.45856518e-07 -1.42804137e-03
    -8.26766640e-02 1.17011584e-01 -9.89683270e-01 9.89681702e+02
    5.71104586e-01 -8.08277488e-01 -1.43272892e-01 1.82904727e+04 0. 0.
    0. 1.</data></RT>
<R type_id="opencv-matrix">
  <rows>3</rows>
  <cols>3</cols>
  <dt>f</dt>
  <data>
    -8.16703260e-01 -5.77057958e-01 -1.45856518e-07 -8.26766640e-02
    1.17011584e-01 -9.89683270e-01 5.71104586e-01 -8.08277488e-01
    -1.43272892e-01</data></R>
<t type_id="opencv-matrix">
  <rows>3</rows>
  <cols>1</cols>
  <dt>f</dt>
  <data>
    -1.42804137e-03 9.89681702e+02 1.82904727e+04</data></t>
</opencv_storage>
