<?xml version="1.0"?>
<opencv_storage>
<P type_id="opencv-matrix">
  <rows>4</rows>
  <cols>4</cols>
  <dt>f</dt>
  <data>
    -3.08417847e+03 2.71855322e+03 -1.37541901e+02 17558880.
    -4.15563660e+01 -2.93622131e+01 -3.41754834e+03 13217036.
    -8.08277667e-01 -5.71104467e-01 -1.43272772e-01 1.82904844e+04 0. 0.
    0. 1.</data></P>
<IntrinsicCam type_id="opencv-matrix">
  <rows>3</rows>
  <cols>3</cols>
  <dt>f</dt>
  <data>
    4000. 0. 960. 0. 3375. 540. 0. 0. 1.</data></IntrinsicCam>
<DistortionCam type_id="opencv-matrix">
  <rows>1</rows>
  <cols>5</cols>
  <dt>f</dt>
  <data>
    0. 0. 0. 0. 0.</data></DistortionCam>
<RT type_id="opencv-matrix">
  <rows>4</rows>
  <cols>4</cols>
  <dt>f</dt>
  <data>
    -5.77057958e-01 8.16703379e-01 -1.18463497e-08 3.94889666e-03
    1.17011428e-01 8.26768056e-02 -9.89683330e-01 9.89681030e+02
    -8.08277667e-01 -5.71104467e-01 -1.43272772e-01 1.82904844e+04 0. 0.
    0. 1.</data></RT>
<R type_id="opencv-matrix">
  <rows>3</rows>
  <cols>3</cols>
  <dt>f</dt>
  <data>
    -5.77057958e-01 8.16703379e-01 -1.18463497e-08 1.17011428e-01
    8.26768056e-02 -9.89683330e-01 -8.08277667e-01 -5.71104467e-01
    -1.43272772e-01</data></R>
<t type_id="opencv-matrix">
  <rows>3</rows>
  <cols>1</cols>
  <dt>f</dt>
  <data>
    3.94889666e-03 9.89681030e+02 1.82904844e+04</data></t>
</opencv_storage>
