<?xml version="1.0"?>
<opencv_storage>
<P type_id="opencv-matrix">
  <rows>4</rows>
  <cols>4</cols>
  <dt>f</dt>
  <data>
    -3.77365112e+03 1.63161829e+03 -1.37750732e+02 17532698.
    -2.99911499e+01 -4.01734619e+01 -3.41755933e+03 13202226.
    -5.92041314e-01 -7.93030679e-01 -1.43489987e-01 1.82632344e+04 0. 0.
    0. 1.</data></P>
<IntrinsicCam type_id="opencv-matrix">
  <rows>3</rows>
  <cols>3</cols>
  <dt>f</dt>
  <data>
    4000. 0. 960. 0. 3375. 540. 0. 0. 1.</data></IntrinsicCam>
<DistortionCam type_id="opencv-matrix">
  <rows>1</rows>
  <cols>5</cols>
  <dt>f</dt>
  <data>
    0. 0. 0. 0. 0.</data></DistortionCam>
<RT type_id="opencv-matrix">
  <rows>4</rows>
  <cols>4</cols>
  <dt>f</dt>
  <data>
    -8.01322877e-01 5.98231912e-01 -8.95358312e-08 -1.63079589e-03
    8.58403370e-02 1.14981666e-01 -9.89651740e-01 9.89652954e+02
    -5.92041314e-01 -7.93030679e-01 -1.43489987e-01 1.82632344e+04 0. 0.
    0. 1.</data></RT>
<R type_id="opencv-matrix">
  <rows>3</rows>
  <cols>3</cols>
  <dt>f</dt>
  <data>
    -8.01322877e-01 5.98231912e-01 -8.95358312e-08 8.58403370e-02
    1.14981666e-01 -9.89651740e-01 -5.92041314e-01 -7.93030679e-01
    -1.43489987e-01</data></R>
<t type_id="opencv-matrix">
  <rows>3</rows>
  <cols>1</cols>
  <dt>f</dt>
  <data>
    -1.63079589e-03 9.89652954e+02 1.82632344e+04</data></t>
</opencv_storage>
