<?xml version="1.0"?>
<opencv_storage>
<P type_id="opencv-matrix">
  <rows>4</rows>
  <cols>4</cols>
  <dt>f</dt>
  <data>
    -3.92324756e+03 1.22913306e+03 -1.37750046e+02 17532730.
    -2.56379242e+01 -4.30812378e+01 -3.41755981e+03 13202213.
    -5.06100416e-01 -8.50454867e-01 -1.43489778e-01 1.82632383e+04 0. 0.
    0. 1.</data></P>
<IntrinsicCam type_id="opencv-matrix">
  <rows>3</rows>
  <cols>3</cols>
  <dt>f</dt>
  <data>
    4000. 0. 960. 0. 3375. 540. 0. 0. 1.</data></IntrinsicCam>
<DistortionCam type_id="opencv-matrix">
  <rows>1</rows>
  <cols>5</cols>
  <dt>f</dt>
  <data>
    0. 0. 0. 0. 0.</data></DistortionCam>
<RT type_id="opencv-matrix">
  <rows>4</rows>
  <cols>4</cols>
  <dt>f</dt>
  <data>
    -8.59347761e-01 5.11392415e-01 3.45999354e-08 5.73481526e-03
    7.33796433e-02 1.23307973e-01 -9.89651978e-01 9.89648682e+02
    -5.06100416e-01 -8.50454867e-01 -1.43489778e-01 1.82632383e+04 0. 0.
    0. 1.</data></RT>
<R type_id="opencv-matrix">
  <rows>3</rows>
  <cols>3</cols>
  <dt>f</dt>
  <data>
    -8.59347761e-01 5.11392415e-01 3.45999354e-08 7.33796433e-02
    1.23307973e-01 -9.89651978e-01 -5.06100416e-01 -8.50454867e-01
    -1.43489778e-01</data></R>
<t type_id="opencv-matrix">
  <rows>3</rows>
  <cols>1</cols>
  <dt>f</dt>
  <data>
    5.73481526e-03 9.89648682e+02 1.82632383e+04</data></t>
</opencv_storage>
