<?xml version="1.0"?>
<opencv_storage>
<P type_id="opencv-matrix">
  <rows>4</rows>
  <cols>4</cols>
  <dt>f</dt>
  <data>
    -4.03043066e+03 8.11343689e+02 -1.37657944e+02 17544338.
    -2.11228180e+01 -4.58345947e+01 -3.41755444e+03 13208821.
    -4.14224535e-01 -8.98808360e-01 -1.43393159e-01 1.82753477e+04 0. 0.
    0. 1.</data></P>
<IntrinsicCam type_id="opencv-matrix">
  <rows>3</rows>
  <cols>3</cols>
  <dt>f</dt>
  <data>
    4000. 0. 960. 0. 3375. 540. 0. 0. 1.</data></IntrinsicCam>
<DistortionCam type_id="opencv-matrix">
  <rows>1</rows>
  <cols>5</cols>
  <dt>f</dt>
  <data>
    0. 0. 0. 0. 0.</data></DistortionCam>
<RT type_id="opencv-matrix">
  <rows>4</rows>
  <cols>4</cols>
  <dt>f</dt>
  <data>
    -9.08193767e-01 4.18549925e-01 -1.25938826e-07 9.41661187e-04
    6.00173101e-02 1.30228713e-01 -9.89665806e-01 9.89669067e+02
    -4.14224535e-01 -8.98808360e-01 -1.43393159e-01 1.82753477e+04 0. 0.
    0. 1.</data></RT>
<R type_id="opencv-matrix">
  <rows>3</rows>
  <cols>3</cols>
  <dt>f</dt>
  <data>
    -9.08193767e-01 4.18549925e-01 -1.25938826e-07 6.00173101e-02
    1.30228713e-01 -9.89665806e-01 -4.14224535e-01 -8.98808360e-01
    -1.43393159e-01</data></R>
<t type_id="opencv-matrix">
  <rows>3</rows>
  <cols>1</cols>
  <dt>f</dt>
  <data>
    9.41661187e-04 9.89669067e+02 1.82753477e+04</data></t>
</opencv_storage>
