<?xml version="1.0"?>
<opencv_storage>
<P type_id="opencv-matrix">
  <rows>4</rows>
  <cols>4</cols>
  <dt>f</dt>
  <data>
    -4.09307031e+03 3.86503296e+02 -1.37820099e+02 17523998.
    -1.60385742e+01 -4.72336426e+01 -3.41756299e+03 13197273.
    -3.18197131e-01 -9.37091470e-01 -1.43562526e-01 1.82541406e+04 0. 0.
    0. 1.</data></P>
<IntrinsicCam type_id="opencv-matrix">
  <rows>3</rows>
  <cols>3</cols>
  <dt>f</dt>
  <data>
    4000. 0. 960. 0. 3375. 540. 0. 0. 1.</data></IntrinsicCam>
<DistortionCam type_id="opencv-matrix">
  <rows>1</rows>
  <cols>5</cols>
  <dt>f</dt>
  <data>
    0. 0. 0. 0. 0.</data></DistortionCam>
<RT type_id="opencv-matrix">
  <rows>4</rows>
  <cols>4</cols>
  <dt>f</dt>
  <data>
    -9.46900249e-01 3.21527779e-01 -1.89226359e-08 5.43921534e-03
    4.61593717e-02 1.35939479e-01 -9.89641309e-01 9.89640625e+02
    -3.18197131e-01 -9.37091470e-01 -1.43562526e-01 1.82541406e+04 0. 0.
    0. 1.</data></RT>
<R type_id="opencv-matrix">
  <rows>3</rows>
  <cols>3</cols>
  <dt>f</dt>
  <data>
    -9.46900249e-01 3.21527779e-01 -1.89226359e-08 4.61593717e-02
    1.35939479e-01 -9.89641309e-01 -3.18197131e-01 -9.37091470e-01
    -1.43562526e-01</data></R>
<t type_id="opencv-matrix">
  <rows>3</rows>
  <cols>1</cols>
  <dt>f</dt>
  <data>
    5.43921534e-03 9.89640625e+02 1.82541406e+04</data></t>
</opencv_storage>
