<?xml version="1.0"?>
<opencv_storage>
<P type_id="opencv-matrix">
  <rows>4</rows>
  <cols>4</cols>
  <dt>f</dt>
  <data>
    -4.11104834e+03 -4.43201904e+01 -1.37539749e+02 17558886.
    -1.12262344e+01 -4.96293640e+01 -3.41754834e+03 13217041.
    -2.18317047e-01 -9.65303421e-01 -1.43272758e-01 1.82904824e+04 0. 0.
    0. 1.</data></P>
<IntrinsicCam type_id="opencv-matrix">
  <rows>3</rows>
  <cols>3</cols>
  <dt>f</dt>
  <data>
    4000. 0. 960. 0. 3375. 540. 0. 0. 1.</data></IntrinsicCam>
<DistortionCam type_id="opencv-matrix">
  <rows>1</rows>
  <cols>5</cols>
  <dt>f</dt>
  <data>
    0. 0. 0. 0. 0.</data></DistortionCam>
<RT type_id="opencv-matrix">
  <rows>4</rows>
  <cols>4</cols>
  <dt>f</dt>
  <data>
    -9.75366056e-01 2.20592767e-01 5.22315872e-07 5.44388080e-03
    3.16044353e-02 1.39743552e-01 -9.89683270e-01 9.89682983e+02
    -2.18317047e-01 -9.65303421e-01 -1.43272758e-01 1.82904824e+04 0. 0.
    0. 1.</data></RT>
<R type_id="opencv-matrix">
  <rows>3</rows>
  <cols>3</cols>
  <dt>f</dt>
  <data>
    -9.75366056e-01 2.20592767e-01 5.22315872e-07 3.16044353e-02
    1.39743552e-01 -9.89683270e-01 -2.18317047e-01 -9.65303421e-01
    -1.43272758e-01</data></R>
<t type_id="opencv-matrix">
  <rows>3</rows>
  <cols>1</cols>
  <dt>f</dt>
  <data>
    5.44388080e-03 9.89682983e+02 1.82904824e+04</data></t>
</opencv_storage>
