<?xml version="1.0"?>
<opencv_storage>
<P type_id="opencv-matrix">
  <rows>4</rows>
  <cols>4</cols>
  <dt>f</dt>
  <data>
    -4.08396851e+03 -4.73068237e+02 -1.37864944e+02 17518184.
    -5.84778214e+00 -4.93699341e+01 -3.41756543e+03 13193974.
    -1.16378225e-01 -9.82767522e-01 -1.43611088e-01 1.82480742e+04 0. 0.
    0. 1.</data></P>
<IntrinsicCam type_id="opencv-matrix">
  <rows>3</rows>
  <cols>3</cols>
  <dt>f</dt>
  <data>
    4000. 0. 960. 0. 3375. 540. 0. 0. 1.</data></IntrinsicCam>
<DistortionCam type_id="opencv-matrix">
  <rows>1</rows>
  <cols>5</cols>
  <dt>f</dt>
  <data>
    0. 0. 0. 0. 0.</data></DistortionCam>
<RT type_id="opencv-matrix">
  <rows>4</rows>
  <cols>4</cols>
  <dt>f</dt>
  <data>
    -9.93061364e-01 1.17597155e-01 4.22692437e-07 7.75565021e-03
    1.68878399e-02 1.42614678e-01 -9.89634216e-01 9.89633606e+02
    -1.16378225e-01 -9.82767522e-01 -1.43611088e-01 1.82480742e+04 0. 0.
    0. 1.</data></RT>
<R type_id="opencv-matrix">
  <rows>3</rows>
  <cols>3</cols>
  <dt>f</dt>
  <data>
    -9.93061364e-01 1.17597155e-01 4.22692437e-07 1.68878399e-02
    1.42614678e-01 -9.89634216e-01 -1.16378225e-01 -9.82767522e-01
    -1.43611088e-01</data></R>
<t type_id="opencv-matrix">
  <rows>3</rows>
  <cols>1</cols>
  <dt>f</dt>
  <data>
    7.75565021e-03 9.89633606e+02 1.82480742e+04</data></t>
</opencv_storage>
