<?xml version="1.0"?>
<opencv_storage>
<P type_id="opencv-matrix">
  <rows>4</rows>
  <cols>4</cols>
  <dt>f</dt>
  <data>
    -4.01203345e+03 -8.97948059e+02 -1.37403442e+02 17576278.
    -6.69075012e-01 -5.13764954e+01 -3.41754102e+03 13226900.
    -1.28877694e-02 -9.89620209e-01 -1.43128589e-01 1.83086230e+04 0. 0.
    0. 1.</data></P>
<IntrinsicCam type_id="opencv-matrix">
  <rows>3</rows>
  <cols>3</cols>
  <dt>f</dt>
  <data>
    4000. 0. 960. 0. 3375. 540. 0. 0. 1.</data></IntrinsicCam>
<DistortionCam type_id="opencv-matrix">
  <rows>1</rows>
  <cols>5</cols>
  <dt>f</dt>
  <data>
    0. 0. 0. 0. 0.</data></DistortionCam>
<RT type_id="opencv-matrix">
  <rows>4</rows>
  <cols>4</cols>
  <dt>f</dt>
  <data>
    -9.99915302e-01 1.30218416e-02 -1.92470817e-10 1.59516840e-05
    1.86379859e-03 1.43116564e-01 -9.89704132e-01 9.89701843e+02
    -1.28877694e-02 -9.89620209e-01 -1.43128589e-01 1.83086230e+04 0. 0.
    0. 1.</data></RT>
<R type_id="opencv-matrix">
  <rows>3</rows>
  <cols>3</cols>
  <dt>f</dt>
  <data>
    -9.99915302e-01 1.30218416e-02 -1.92470817e-10 1.86379859e-03
    1.43116564e-01 -9.89704132e-01 -1.28877694e-02 -9.89620209e-01
    -1.43128589e-01</data></R>
<t type_id="opencv-matrix">
  <rows>3</rows>
  <cols>1</cols>
  <dt>f</dt>
  <data>
    1.59516840e-05 9.89701843e+02 1.83086230e+04</data></t>
</opencv_storage>
