<?xml version="1.0"?>
<opencv_storage>
<P type_id="opencv-matrix">
  <rows>4</rows>
  <cols>4</cols>
  <dt>f</dt>
  <data>
    -3.55116064e+03 -2.05216455e+03 -3.15403656e+02 18173424.
    -1.77584335e+02 5.71876099e+02 -3.36506274e+03 13410211.
    2.80098736e-01 -9.01999533e-01 -3.28544527e-01 1.89306641e+04 0. 0.
    0. 1.</data></P>
<IntrinsicCam type_id="opencv-matrix">
  <rows>3</rows>
  <cols>3</cols>
  <dt>f</dt>
  <data>
    4000. 0. 960. 0. 3375. 540. 0. 0. 1.</data></IntrinsicCam>
<DistortionCam type_id="opencv-matrix">
  <rows>1</rows>
  <cols>5</cols>
  <dt>f</dt>
  <data>
    0. 0. 0. 0. 0.</data></DistortionCam>
<RT type_id="opencv-matrix">
  <rows>4</rows>
  <cols>4</cols>
  <dt>f</dt>
  <data>
    -9.55013871e-01 -2.96561241e-01 -2.27264479e-07 -3.26659251e-03
    -9.74333733e-02 3.13764691e-01 -9.44488466e-01 9.44489502e+02
    2.80098736e-01 -9.01999533e-01 -3.28544527e-01 1.89306641e+04 0. 0.
    0. 1.</data></RT>
<R type_id="opencv-matrix">
  <rows>3</rows>
  <cols>3</cols>
  <dt>f</dt>
  <data>
    -9.55013871e-01 -2.96561241e-01 -2.27264479e-07 -9.74333733e-02
    3.13764691e-01 -9.44488466e-01 2.80098736e-01 -9.01999533e-01
    -3.28544527e-01</data></R>
<t type_id="opencv-matrix">
  <rows>3</rows>
  <cols>1</cols>
  <dt>f</dt>
  <data>
    -3.26659251e-03 9.44489502e+02 1.89306641e+04</data></t>
</opencv_storage>
