<?xml version="1.0"?>
<opencv_storage>
<P type_id="opencv-matrix">
  <rows>4</rows>
  <cols>4</cols>
  <dt>f</dt>
  <data>
    -3.31727222e+03 -2.41214966e+03 -3.14389435e+02 18230036.
    -2.34855103e+02 5.46744080e+02 -3.36573022e+03 13443278.
    3.72916847e-01 -8.68150055e-01 -3.27488273e-01 1.89896074e+04 0. 0.
    0. 1.</data></P>
<IntrinsicCam type_id="opencv-matrix">
  <rows>3</rows>
  <cols>3</cols>
  <dt>f</dt>
  <data>
    4000. 0. 960. 0. 3375. 540. 0. 0. 1.</data></IntrinsicCam>
<DistortionCam type_id="opencv-matrix">
  <rows>1</rows>
  <cols>5</cols>
  <dt>f</dt>
  <data>
    0. 0. 0. 0. 0.</data></DistortionCam>
<RT type_id="opencv-matrix">
  <rows>4</rows>
  <cols>4</cols>
  <dt>f</dt>
  <data>
    -9.18818116e-01 -3.94681394e-01 -1.72051301e-07 3.17668961e-03
    -1.29253387e-01 3.00902247e-01 -9.44855273e-01 9.44856384e+02
    3.72916847e-01 -8.68150055e-01 -3.27488273e-01 1.89896074e+04 0. 0.
    0. 1.</data></RT>
<R type_id="opencv-matrix">
  <rows>3</rows>
  <cols>3</cols>
  <dt>f</dt>
  <data>
    -9.18818116e-01 -3.94681394e-01 -1.72051301e-07 -1.29253387e-01
    3.00902247e-01 -9.44855273e-01 3.72916847e-01 -8.68150055e-01
    -3.27488273e-01</data></R>
<t type_id="opencv-matrix">
  <rows>3</rows>
  <cols>1</cols>
  <dt>f</dt>
  <data>
    3.17668961e-03 9.44856384e+02 1.89896074e+04</data></t>
</opencv_storage>
