<?xml version="1.0"?>
<opencv_storage>
<P type_id="opencv-matrix">
  <rows>4</rows>
  <cols>4</cols>
  <dt>f</dt>
  <data>
    -3.04677295e+03 -2.74578418e+03 -3.15353943e+02 18176124.
    -2.92537262e+02 5.22288513e+02 -3.36509473e+03 13411778.
    4.61555600e-01 -8.24049890e-01 -3.28494012e-01 1.89334766e+04 0. 0.
    0. 1.</data></P>
<IntrinsicCam type_id="opencv-matrix">
  <rows>3</rows>
  <cols>3</cols>
  <dt>f</dt>
  <data>
    4000. 0. 960. 0. 3375. 540. 0. 0. 1.</data></IntrinsicCam>
<DistortionCam type_id="opencv-matrix">
  <rows>1</rows>
  <cols>5</cols>
  <dt>f</dt>
  <data>
    0. 0. 0. 0. 0.</data></DistortionCam>
<RT type_id="opencv-matrix">
  <rows>4</rows>
  <cols>4</cols>
  <dt>f</dt>
  <data>
    -8.72466624e-01 -4.88674074e-01 7.89587986e-08 -3.49121308e-03
    -1.60526603e-01 2.86600143e-01 -9.44506109e-01 9.44504150e+02
    4.61555600e-01 -8.24049890e-01 -3.28494012e-01 1.89334766e+04 0. 0.
    0. 1.</data></RT>
<R type_id="opencv-matrix">
  <rows>3</rows>
  <cols>3</cols>
  <dt>f</dt>
  <data>
    -8.72466624e-01 -4.88674074e-01 7.89587986e-08 -1.60526603e-01
    2.86600143e-01 -9.44506109e-01 4.61555600e-01 -8.24049890e-01
    -3.28494012e-01</data></R>
<t type_id="opencv-matrix">
  <rows>3</rows>
  <cols>1</cols>
  <dt>f</dt>
  <data>
    -3.49121308e-03 9.44504150e+02 1.89334766e+04</data></t>
</opencv_storage>
