<?xml version="1.0"?>
<opencv_storage>
<P type_id="opencv-matrix">
  <rows>4</rows>
  <cols>4</cols>
  <dt>f</dt>
  <data>
    -2.74344531e+03 -3.04894946e+03 -3.14677307e+02 18213870.
    -3.43997467e+02 4.86855865e+02 -3.36554077e+03 13433832.
    5.45175910e-01 -7.71581292e-01 -3.27789068e-01 1.89727871e+04 0. 0.
    0. 1.</data></P>
<IntrinsicCam type_id="opencv-matrix">
  <rows>3</rows>
  <cols>3</cols>
  <dt>f</dt>
  <data>
    4000. 0. 960. 0. 3375. 540. 0. 0. 1.</data></IntrinsicCam>
<DistortionCam type_id="opencv-matrix">
  <rows>1</rows>
  <cols>5</cols>
  <dt>f</dt>
  <data>
    0. 0. 0. 0. 0.</data></DistortionCam>
<RT type_id="opencv-matrix">
  <rows>4</rows>
  <cols>4</cols>
  <dt>f</dt>
  <data>
    -8.16703558e-01 -5.77057838e-01 4.43010428e-08 -1.29161496e-03
    -1.89153314e-01 2.67706603e-01 -9.44751024e-01 9.44748657e+02
    5.45175910e-01 -7.71581292e-01 -3.27789068e-01 1.89727871e+04 0. 0.
    0. 1.</data></RT>
<R type_id="opencv-matrix">
  <rows>3</rows>
  <cols>3</cols>
  <dt>f</dt>
  <data>
    -8.16703558e-01 -5.77057838e-01 4.43010428e-08 -1.89153314e-01
    2.67706603e-01 -9.44751024e-01 5.45175910e-01 -7.71581292e-01
    -3.27789068e-01</data></R>
<t type_id="opencv-matrix">
  <rows>3</rows>
  <cols>1</cols>
  <dt>f</dt>
  <data>
    -1.29161496e-03 9.44748657e+02 1.89727871e+04</data></t>
</opencv_storage>
