<?xml version="1.0"?>
<opencv_storage>
<P type_id="opencv-matrix">
  <rows>4</rows>
  <cols>4</cols>
  <dt>f</dt>
  <data>
    -2.40917944e+03 -3.31934717e+03 -3.15257660e+02 18181544.
    -3.94511871e+02 4.49769653e+02 -3.36515845e+03 13414937.
    6.22845948e-01 -7.10085154e-01 -3.28393131e-01 1.89390977e+04 0. 0.
    0. 1.</data></P>
<IntrinsicCam type_id="opencv-matrix">
  <rows>3</rows>
  <cols>3</cols>
  <dt>f</dt>
  <data>
    4000. 0. 960. 0. 3375. 540. 0. 0. 1.</data></IntrinsicCam>
<DistortionCam type_id="opencv-matrix">
  <rows>1</rows>
  <cols>5</cols>
  <dt>f</dt>
  <data>
    0. 0. 0. 0. 0.</data></DistortionCam>
<RT type_id="opencv-matrix">
  <rows>4</rows>
  <cols>4</cols>
  <dt>f</dt>
  <data>
    -7.51777887e-01 -6.59416378e-01 -6.08846449e-08 2.38611386e-03
    -2.16547757e-01 2.46878698e-01 -9.44541097e-01 9.44540527e+02
    6.22845948e-01 -7.10085154e-01 -3.28393131e-01 1.89390977e+04 0. 0.
    0. 1.</data></RT>
<R type_id="opencv-matrix">
  <rows>3</rows>
  <cols>3</cols>
  <dt>f</dt>
  <data>
    -7.51777887e-01 -6.59416378e-01 -6.08846449e-08 -2.16547757e-01
    2.46878698e-01 -9.44541097e-01 6.22845948e-01 -7.10085154e-01
    -3.28393131e-01</data></R>
<t type_id="opencv-matrix">
  <rows>3</rows>
  <cols>1</cols>
  <dt>f</dt>
  <data>
    2.38611386e-03 9.44540527e+02 1.89390977e+04</data></t>
</opencv_storage>
