<?xml version="1.0"?>
<opencv_storage>
<P type_id="opencv-matrix">
  <rows>4</rows>
  <cols>4</cols>
  <dt>f</dt>
  <data>
    -2.04969458e+03 -3.55263037e+03 -3.14918365e+02 18200402.
    -4.38354553e+02 4.05309326e+02 -3.36538208e+03 13425965.
    6.93609953e-01 -6.41322732e-01 -3.28040302e-01 1.89587578e+04 0. 0.
    0. 1.</data></P>
<IntrinsicCam type_id="opencv-matrix">
  <rows>3</rows>
  <cols>3</cols>
  <dt>f</dt>
  <data>
    4000. 0. 960. 0. 3375. 540. 0. 0. 1.</data></IntrinsicCam>
<DistortionCam type_id="opencv-matrix">
  <rows>1</rows>
  <cols>5</cols>
  <dt>f</dt>
  <data>
    0. 0. 0. 0. 0.</data></DistortionCam>
<RT type_id="opencv-matrix">
  <rows>4</rows>
  <cols>4</cols>
  <dt>f</dt>
  <data>
    -6.78889990e-01 -7.34240115e-01 8.67734968e-08 -1.59366312e-03
    -2.40860432e-01 2.22703293e-01 -9.44663763e-01 9.44662598e+02
    6.93609953e-01 -6.41322732e-01 -3.28040302e-01 1.89587578e+04 0. 0.
    0. 1.</data></RT>
<R type_id="opencv-matrix">
  <rows>3</rows>
  <cols>3</cols>
  <dt>f</dt>
  <data>
    -6.78889990e-01 -7.34240115e-01 8.67734968e-08 -2.40860432e-01
    2.22703293e-01 -9.44663763e-01 6.93609953e-01 -6.41322732e-01
    -3.28040302e-01</data></R>
<t type_id="opencv-matrix">
  <rows>3</rows>
  <cols>1</cols>
  <dt>f</dt>
  <data>
    -1.59366312e-03 9.44662598e+02 1.89587578e+04</data></t>
</opencv_storage>
