<?xml version="1.0"?>
<opencv_storage>
<P type_id="opencv-matrix">
  <rows>4</rows>
  <cols>4</cols>
  <dt>f</dt>
  <data>
    -1.66628149e+03 -3.74777417e+03 -3.15111664e+02 18189620.
    -4.78979034e+02 3.57584229e+02 -3.36525464e+03 13419670.
    7.56924510e-01 -5.65086424e-01 -3.28241706e-01 1.89475273e+04 0. 0.
    0. 1.</data></P>
<IntrinsicCam type_id="opencv-matrix">
  <rows>3</rows>
  <cols>3</cols>
  <dt>f</dt>
  <data>
    4000. 0. 960. 0. 3375. 540. 0. 0. 1.</data></IntrinsicCam>
<DistortionCam type_id="opencv-matrix">
  <rows>1</rows>
  <cols>5</cols>
  <dt>f</dt>
  <data>
    0. 0. 0. 0. 0.</data></DistortionCam>
<RT type_id="opencv-matrix">
  <rows>4</rows>
  <cols>4</cols>
  <dt>f</dt>
  <data>
    -5.98232210e-01 -8.01322818e-01 9.15621143e-08 -1.62771810e-03
    -2.63027638e-01 1.96364716e-01 -9.44593787e-01 9.44594238e+02
    7.56924510e-01 -5.65086424e-01 -3.28241706e-01 1.89475273e+04 0. 0.
    0. 1.</data></RT>
<R type_id="opencv-matrix">
  <rows>3</rows>
  <cols>3</cols>
  <dt>f</dt>
  <data>
    -5.98232210e-01 -8.01322818e-01 9.15621143e-08 -2.63027638e-01
    1.96364716e-01 -9.44593787e-01 7.56924510e-01 -5.65086424e-01
    -3.28241706e-01</data></R>
<t type_id="opencv-matrix">
  <rows>3</rows>
  <cols>1</cols>
  <dt>f</dt>
  <data>
    -1.62771810e-03 9.44594238e+02 1.89475273e+04</data></t>
</opencv_storage>
