<?xml version="1.0"?>
<opencv_storage>
<P type_id="opencv-matrix">
  <rows>4</rows>
  <cols>4</cols>
  <dt>f</dt>
  <data>
    -1.26630444e+03 -3.90112549e+03 -3.15111664e+02 18189622.
    -5.13662354e+02 3.05676971e+02 -3.36525464e+03 13419668.
    8.11734200e-01 -4.83057946e-01 -3.28241736e-01 1.89475293e+04 0. 0.
    0. 1.</data></P>
<IntrinsicCam type_id="opencv-matrix">
  <rows>3</rows>
  <cols>3</cols>
  <dt>f</dt>
  <data>
    4000. 0. 960. 0. 3375. 540. 0. 0. 1.</data></IntrinsicCam>
<DistortionCam type_id="opencv-matrix">
  <rows>1</rows>
  <cols>5</cols>
  <dt>f</dt>
  <data>
    0. 0. 0. 0. 0.</data></DistortionCam>
<RT type_id="opencv-matrix">
  <rows>4</rows>
  <cols>4</cols>
  <dt>f</dt>
  <data>
    -5.11392295e-01 -8.59347463e-01 1.02755592e-07 -1.70732196e-03
    -2.82073736e-01 1.67860225e-01 -9.44593787e-01 9.44593018e+02
    8.11734200e-01 -4.83057946e-01 -3.28241736e-01 1.89475293e+04 0. 0.
    0. 1.</data></RT>
<R type_id="opencv-matrix">
  <rows>3</rows>
  <cols>3</cols>
  <dt>f</dt>
  <data>
    -5.11392295e-01 -8.59347463e-01 1.02755592e-07 -2.82073736e-01
    1.67860225e-01 -9.44593787e-01 8.11734200e-01 -4.83057946e-01
    -3.28241736e-01</data></R>
<t type_id="opencv-matrix">
  <rows>3</rows>
  <cols>1</cols>
  <dt>f</dt>
  <data>
    -1.70732196e-03 9.44593018e+02 1.89475293e+04</data></t>
</opencv_storage>
