<?xml version="1.0"?>
<opencv_storage>
<P type_id="opencv-matrix">
  <rows>4</rows>
  <cols>4</cols>
  <dt>f</dt>
  <data>
    -2.01797107e+03 -3.58196045e+03 -1.37657532e+02 17544328.
    3.70549011e+01 -3.42617798e+01 -3.41755420e+03 13208810.
    7.26652622e-01 -6.71873689e-01 -1.43393353e-01 1.82753379e+04 0. 0.
    0. 1.</data></P>
<IntrinsicCam type_id="opencv-matrix">
  <rows>3</rows>
  <cols>3</cols>
  <dt>f</dt>
  <data>
    4000. 0. 960. 0. 3375. 540. 0. 0. 1.</data></IntrinsicCam>
<DistortionCam type_id="opencv-matrix">
  <rows>1</rows>
  <cols>5</cols>
  <dt>f</dt>
  <data>
    0. 0. 0. 0. 0.</data></DistortionCam>
<RT type_id="opencv-matrix">
  <rows>4</rows>
  <cols>4</cols>
  <dt>f</dt>
  <data>
    -6.78889394e-01 -7.34240413e-01 2.34210944e-08 8.92246549e-04
    -1.05285190e-01 9.73481536e-02 -9.89665747e-01 9.89667480e+02
    7.26652622e-01 -6.71873689e-01 -1.43393353e-01 1.82753379e+04 0. 0.
    0. 1.</data></RT>
<R type_id="opencv-matrix">
  <rows>3</rows>
  <cols>3</cols>
  <dt>f</dt>
  <data>
    -6.78889394e-01 -7.34240413e-01 2.34210944e-08 -1.05285190e-01
    9.73481536e-02 -9.89665747e-01 7.26652622e-01 -6.71873689e-01
    -1.43393353e-01</data></R>
<t type_id="opencv-matrix">
  <rows>3</rows>
  <cols>1</cols>
  <dt>f</dt>
  <data>
    8.92246549e-04 9.89667480e+02 1.82753379e+04</data></t>
</opencv_storage>
