<?xml version="1.0"?>
<opencv_storage>
<P type_id="opencv-matrix">
  <rows>4</rows>
  <cols>4</cols>
  <dt>f</dt>
  <data>
    -8.50578308e+02 -4.01234912e+03 -3.14918671e+02 18200402.
    -5.42208130e+02 2.49881775e+02 -3.36538208e+03 13425964.
    8.57937932e-01 -3.95388633e-01 -3.28040332e-01 1.89587578e+04 0. 0.
    0. 1.</data></P>
<IntrinsicCam type_id="opencv-matrix">
  <rows>3</rows>
  <cols>3</cols>
  <dt>f</dt>
  <data>
    4000. 0. 960. 0. 3375. 540. 0. 0. 1.</data></IntrinsicCam>
<DistortionCam type_id="opencv-matrix">
  <rows>1</rows>
  <cols>5</cols>
  <dt>f</dt>
  <data>
    0. 0. 0. 0. 0.</data></DistortionCam>
<RT type_id="opencv-matrix">
  <rows>4</rows>
  <cols>4</cols>
  <dt>f</dt>
  <data>
    -4.18549687e-01 -9.08194005e-01 1.32776581e-08 -1.55926950e-03
    -2.97924310e-01 1.37301221e-01 -9.44663763e-01 9.44662231e+02
    8.57937932e-01 -3.95388633e-01 -3.28040332e-01 1.89587578e+04 0. 0.
    0. 1.</data></RT>
<R type_id="opencv-matrix">
  <rows>3</rows>
  <cols>3</cols>
  <dt>f</dt>
  <data>
    -4.18549687e-01 -9.08194005e-01 1.32776581e-08 -2.97924310e-01
    1.37301221e-01 -9.44663763e-01 8.57937932e-01 -3.95388633e-01
    -3.28040332e-01</data></R>
<t type_id="opencv-matrix">
  <rows>3</rows>
  <cols>1</cols>
  <dt>f</dt>
  <data>
    -1.55926950e-03 9.44662231e+02 1.89587578e+04</data></t>
</opencv_storage>
