<?xml version="1.0"?>
<opencv_storage>
<P type_id="opencv-matrix">
  <rows>4</rows>
  <cols>4</cols>
  <dt>f</dt>
  <data>
    -4.27502380e+02 -4.07914893e+03 -3.15257080e+02 18181530.
    -5.66506165e+02 1.92361908e+02 -3.36515869e+03 13414938.
    8.94385993e-01 -3.03696632e-01 -3.28393072e-01 1.89390996e+04 0. 0.
    0. 1.</data></P>
<IntrinsicCam type_id="opencv-matrix">
  <rows>3</rows>
  <cols>3</cols>
  <dt>f</dt>
  <data>
    4000. 0. 960. 0. 3375. 540. 0. 0. 1.</data></IntrinsicCam>
<DistortionCam type_id="opencv-matrix">
  <rows>1</rows>
  <cols>5</cols>
  <dt>f</dt>
  <data>
    0. 0. 0. 0. 0.</data></DistortionCam>
<RT type_id="opencv-matrix">
  <rows>4</rows>
  <cols>4</cols>
  <dt>f</dt>
  <data>
    -3.21528226e-01 -9.46900010e-01 6.83031871e-08 -1.46230927e-03
    -3.10955435e-01 1.05587587e-01 -9.44541156e-01 9.44540344e+02
    8.94385993e-01 -3.03696632e-01 -3.28393072e-01 1.89390996e+04 0. 0.
    0. 1.</data></RT>
<R type_id="opencv-matrix">
  <rows>3</rows>
  <cols>3</cols>
  <dt>f</dt>
  <data>
    -3.21528226e-01 -9.46900010e-01 6.83031871e-08 -3.10955435e-01
    1.05587587e-01 -9.44541156e-01 8.94385993e-01 -3.03696632e-01
    -3.28393072e-01</data></R>
<t type_id="opencv-matrix">
  <rows>3</rows>
  <cols>1</cols>
  <dt>f</dt>
  <data>
    -1.46230927e-03 9.44540344e+02 1.89390996e+04</data></t>
</opencv_storage>
