<?xml version="1.0"?>
<opencv_storage>
<P type_id="opencv-matrix">
  <rows>4</rows>
  <cols>4</cols>
  <dt>f</dt>
  <data>
    2.24658203e+00 -4.10153320e+03 -3.14677612e+02 18213876.
    -5.81437622e+02 1.31500793e+02 -3.36554053e+03 13433838.
    9.21477973e-01 -2.08405435e-01 -3.27789038e-01 1.89727910e+04 0. 0.
    0. 1.</data></P>
<IntrinsicCam type_id="opencv-matrix">
  <rows>3</rows>
  <cols>3</cols>
  <dt>f</dt>
  <data>
    4000. 0. 960. 0. 3375. 540. 0. 0. 1.</data></IntrinsicCam>
<DistortionCam type_id="opencv-matrix">
  <rows>1</rows>
  <cols>5</cols>
  <dt>f</dt>
  <data>
    0. 0. 0. 0. 0.</data></DistortionCam>
<RT type_id="opencv-matrix">
  <rows>4</rows>
  <cols>4</cols>
  <dt>f</dt>
  <data>
    -2.20593065e-01 -9.75365996e-01 -2.89071451e-08 -1.01512636e-03
    -3.19714308e-01 7.23080710e-02 -9.44750965e-01 9.44749878e+02
    9.21477973e-01 -2.08405435e-01 -3.27789038e-01 1.89727910e+04 0. 0.
    0. 1.</data></RT>
<R type_id="opencv-matrix">
  <rows>3</rows>
  <cols>3</cols>
  <dt>f</dt>
  <data>
    -2.20593065e-01 -9.75365996e-01 -2.89071451e-08 -3.19714308e-01
    7.23080710e-02 -9.44750965e-01 9.21477973e-01 -2.08405435e-01
    -3.27789038e-01</data></R>
<t type_id="opencv-matrix">
  <rows>3</rows>
  <cols>1</cols>
  <dt>f</dt>
  <data>
    -1.01512636e-03 9.44749878e+02 1.89727910e+04</data></t>
</opencv_storage>
