<?xml version="1.0"?>
<opencv_storage>
<P type_id="opencv-matrix">
  <rows>4</rows>
  <cols>4</cols>
  <dt>f</dt>
  <data>
    4.30043793e+02 -4.07887402e+03 -3.15354095e+02 18176142.
    -5.94480103e+02 7.03977356e+01 -3.36509473e+03 13411789.
    9.37952399e-01 -1.11071713e-01 -3.28493983e-01 1.89334785e+04 0. 0.
    0. 1.</data></P>
<IntrinsicCam type_id="opencv-matrix">
  <rows>3</rows>
  <cols>3</cols>
  <dt>f</dt>
  <data>
    4000. 0. 960. 0. 3375. 540. 0. 0. 1.</data></IntrinsicCam>
<DistortionCam type_id="opencv-matrix">
  <rows>1</rows>
  <cols>5</cols>
  <dt>f</dt>
  <data>
    0. 0. 0. 0. 0.</data></DistortionCam>
<RT type_id="opencv-matrix">
  <rows>4</rows>
  <cols>4</cols>
  <dt>f</dt>
  <data>
    -1.17597632e-01 -9.93061304e-01 3.23307034e-08 7.46638631e-04
    -3.26214641e-01 3.86300646e-02 -9.44506049e-01 9.44506897e+02
    9.37952399e-01 -1.11071713e-01 -3.28493983e-01 1.89334785e+04 0. 0.
    0. 1.</data></RT>
<R type_id="opencv-matrix">
  <rows>3</rows>
  <cols>3</cols>
  <dt>f</dt>
  <data>
    -1.17597632e-01 -9.93061304e-01 3.23307034e-08 -3.26214641e-01
    3.86300646e-02 -9.44506049e-01 9.37952399e-01 -1.11071713e-01
    -3.28493983e-01</data></R>
<t type_id="opencv-matrix">
  <rows>3</rows>
  <cols>1</cols>
  <dt>f</dt>
  <data>
    7.46638631e-04 9.44506897e+02 1.89334785e+04</data></t>
</opencv_storage>
