<?xml version="1.0"?>
<opencv_storage>
<P type_id="opencv-matrix">
  <rows>4</rows>
  <cols>4</cols>
  <dt>f</dt>
  <data>
    8.54898621e+02 -4.01147217e+03 -3.14388519e+02 18230032.
    -5.95000610e+02 7.74820900e+00 -3.36573022e+03 13443276.
    9.44775164e-01 -1.23033421e-02 -3.27488273e-01 1.89896133e+04 0. 0.
    0. 1.</data></P>
<IntrinsicCam type_id="opencv-matrix">
  <rows>3</rows>
  <cols>3</cols>
  <dt>f</dt>
  <data>
    4000. 0. 960. 0. 3375. 540. 0. 0. 1.</data></IntrinsicCam>
<DistortionCam type_id="opencv-matrix">
  <rows>1</rows>
  <cols>5</cols>
  <dt>f</dt>
  <data>
    0. 0. 0. 0. 0.</data></DistortionCam>
<RT type_id="opencv-matrix">
  <rows>4</rows>
  <cols>4</cols>
  <dt>f</dt>
  <data>
    -1.30213834e-02 -9.99915242e-01 5.05811997e-08 8.91506090e-04
    -3.27460498e-01 4.26430022e-03 -9.44855273e-01 9.44854858e+02
    9.44775164e-01 -1.23033421e-02 -3.27488273e-01 1.89896133e+04 0. 0.
    0. 1.</data></RT>
<R type_id="opencv-matrix">
  <rows>3</rows>
  <cols>3</cols>
  <dt>f</dt>
  <data>
    -1.30213834e-02 -9.99915242e-01 5.05811997e-08 -3.27460498e-01
    4.26430022e-03 -9.44855273e-01 9.44775164e-01 -1.23033421e-02
    -3.27488273e-01</data></R>
<t type_id="opencv-matrix">
  <rows>3</rows>
  <cols>1</cols>
  <dt>f</dt>
  <data>
    8.91506090e-04 9.44854858e+02 1.89896133e+04</data></t>
</opencv_storage>
