<?xml version="1.0"?>
<opencv_storage>
<P type_id="opencv-matrix">
  <rows>4</rows>
  <cols>4</cols>
  <dt>f</dt>
  <data>
    1.26883008e+03 -3.90028101e+03 -3.15402679e+02 18173438.
    -5.96302795e+02 -5.47797127e+01 -3.36506299e+03 13410217.
    9.40528154e-01 8.64025727e-02 -3.28544378e-01 1.89306719e+04 0. 0.
    0. 1.</data></P>
<IntrinsicCam type_id="opencv-matrix">
  <rows>3</rows>
  <cols>3</cols>
  <dt>f</dt>
  <data>
    4000. 0. 960. 0. 3375. 540. 0. 0. 1.</data></IntrinsicCam>
<DistortionCam type_id="opencv-matrix">
  <rows>1</rows>
  <cols>5</cols>
  <dt>f</dt>
  <data>
    0. 0. 0. 0. 0.</data></DistortionCam>
<RT type_id="opencv-matrix">
  <rows>4</rows>
  <cols>4</cols>
  <dt>f</dt>
  <data>
    9.14807469e-02 -9.95806873e-01 -1.96197476e-08 -1.32531545e-03
    -3.27166796e-01 -3.00554391e-02 -9.44488585e-01 9.44490112e+02
    9.40528154e-01 8.64025727e-02 -3.28544378e-01 1.89306719e+04 0. 0.
    0. 1.</data></RT>
<R type_id="opencv-matrix">
  <rows>3</rows>
  <cols>3</cols>
  <dt>f</dt>
  <data>
    9.14807469e-02 -9.95806873e-01 -1.96197476e-08 -3.27166796e-01
    -3.00554391e-02 -9.44488585e-01 9.40528154e-01 8.64025727e-02
    -3.28544378e-01</data></R>
<t type_id="opencv-matrix">
  <rows>3</rows>
  <cols>1</cols>
  <dt>f</dt>
  <data>
    -1.32531545e-03 9.44490112e+02 1.89306719e+04</data></t>
</opencv_storage>
