<?xml version="1.0"?>
<opencv_storage>
<P type_id="opencv-matrix">
  <rows>4</rows>
  <cols>4</cols>
  <dt>f</dt>
  <data>
    1.67005054e+03 -3.74617090e+03 -3.14221863e+02 18239380.
    -5.83010010e+02 -1.15967934e+02 -3.36583960e+03 13448736.
    9.26759183e-01 1.84343964e-01 -3.27314407e-01 1.89993535e+04 0. 0.
    0. 1.</data></P>
<IntrinsicCam type_id="opencv-matrix">
  <rows>3</rows>
  <cols>3</cols>
  <dt>f</dt>
  <data>
    4000. 0. 960. 0. 3375. 540. 0. 0. 1.</data></IntrinsicCam>
<DistortionCam type_id="opencv-matrix">
  <rows>1</rows>
  <cols>5</cols>
  <dt>f</dt>
  <data>
    0. 0. 0. 0. 0.</data></DistortionCam>
<RT type_id="opencv-matrix">
  <rows>4</rows>
  <cols>4</cols>
  <dt>f</dt>
  <data>
    1.95090428e-01 -9.80785251e-01 -6.36633146e-09 4.52749700e-05
    -3.21025163e-01 -6.38559014e-02 -9.44915473e-01 9.44913940e+02
    9.26759183e-01 1.84343964e-01 -3.27314407e-01 1.89993535e+04 0. 0.
    0. 1.</data></RT>
<R type_id="opencv-matrix">
  <rows>3</rows>
  <cols>3</cols>
  <dt>f</dt>
  <data>
    1.95090428e-01 -9.80785251e-01 -6.36633146e-09 -3.21025163e-01
    -6.38559014e-02 -9.44915473e-01 9.26759183e-01 1.84343964e-01
    -3.27314407e-01</data></R>
<t type_id="opencv-matrix">
  <rows>3</rows>
  <cols>1</cols>
  <dt>f</dt>
  <data>
    4.52749700e-05 9.44913940e+02 1.89993535e+04</data></t>
</opencv_storage>
