<?xml version="1.0"?>
<opencv_storage>
<P type_id="opencv-matrix">
  <rows>4</rows>
  <cols>4</cols>
  <dt>f</dt>
  <data>
    2.05216699e+03 -3.55115918e+03 -3.15402649e+02 18173446.
    -5.71875244e+02 -1.77585251e+02 -3.36506274e+03 13410215.
    9.01999414e-01 2.80099332e-01 -3.28544438e-01 1.89306738e+04 0. 0.
    0. 1.</data></P>
<IntrinsicCam type_id="opencv-matrix">
  <rows>3</rows>
  <cols>3</cols>
  <dt>f</dt>
  <data>
    4000. 0. 960. 0. 3375. 540. 0. 0. 1.</data></IntrinsicCam>
<DistortionCam type_id="opencv-matrix">
  <rows>1</rows>
  <cols>5</cols>
  <dt>f</dt>
  <data>
    0. 0. 0. 0. 0.</data></DistortionCam>
<RT type_id="opencv-matrix">
  <rows>4</rows>
  <cols>4</cols>
  <dt>f</dt>
  <data>
    2.96561897e-01 -9.55013633e-01 -3.53383456e-09 2.51313122e-05
    -3.13764423e-01 -9.74337459e-02 -9.44488525e-01 9.44489136e+02
    9.01999414e-01 2.80099332e-01 -3.28544438e-01 1.89306738e+04 0. 0.
    0. 1.</data></RT>
<R type_id="opencv-matrix">
  <rows>3</rows>
  <cols>3</cols>
  <dt>f</dt>
  <data>
    2.96561897e-01 -9.55013633e-01 -3.53383456e-09 -3.13764423e-01
    -9.74337459e-02 -9.44488525e-01 9.01999414e-01 2.80099332e-01
    -3.28544438e-01</data></R>
<t type_id="opencv-matrix">
  <rows>3</rows>
  <cols>1</cols>
  <dt>f</dt>
  <data>
    2.51313122e-05 9.44489136e+02 1.89306738e+04</data></t>
</opencv_storage>
