<?xml version="1.0"?>
<opencv_storage>
<P type_id="opencv-matrix">
  <rows>4</rows>
  <cols>4</cols>
  <dt>f</dt>
  <data>
    2.41214966e+03 -3.31727197e+03 -3.14388824e+02 18230032.
    -5.46743469e+02 -2.34855362e+02 -3.36572998e+03 13443278.
    8.68150055e-01 3.72916818e-01 -3.27488184e-01 1.89896172e+04 0. 0.
    0. 1.</data></P>
<IntrinsicCam type_id="opencv-matrix">
  <rows>3</rows>
  <cols>3</cols>
  <dt>f</dt>
  <data>
    4000. 0. 960. 0. 3375. 540. 0. 0. 1.</data></IntrinsicCam>
<DistortionCam type_id="opencv-matrix">
  <rows>1</rows>
  <cols>5</cols>
  <dt>f</dt>
  <data>
    0. 0. 0. 0. 0.</data></DistortionCam>
<RT type_id="opencv-matrix">
  <rows>4</rows>
  <cols>4</cols>
  <dt>f</dt>
  <data>
    3.94681394e-01 -9.18818057e-01 -3.82800351e-08 -2.16047949e-04
    -3.00902069e-01 -1.29253462e-01 -9.44855273e-01 9.44854919e+02
    8.68150055e-01 3.72916818e-01 -3.27488184e-01 1.89896172e+04 0. 0.
    0. 1.</data></RT>
<R type_id="opencv-matrix">
  <rows>3</rows>
  <cols>3</cols>
  <dt>f</dt>
  <data>
    3.94681394e-01 -9.18818057e-01 -3.82800351e-08 -3.00902069e-01
    -1.29253462e-01 -9.44855273e-01 8.68150055e-01 3.72916818e-01
    -3.27488184e-01</data></R>
<t type_id="opencv-matrix">
  <rows>3</rows>
  <cols>1</cols>
  <dt>f</dt>
  <data>
    -2.16047949e-04 9.44854919e+02 1.89896172e+04</data></t>
</opencv_storage>
