<?xml version="1.0"?>
<opencv_storage>
<P type_id="opencv-matrix">
  <rows>4</rows>
  <cols>4</cols>
  <dt>f</dt>
  <data>
    2.74578491e+03 -3.04677148e+03 -3.15354126e+02 18176140.
    -5.22287903e+02 -2.92536804e+02 -3.36509473e+03 13411788.
    8.24049771e-01 4.61555898e-01 -3.28493923e-01 1.89334883e+04 0. 0.
    0. 1.</data></P>
<IntrinsicCam type_id="opencv-matrix">
  <rows>3</rows>
  <cols>3</cols>
  <dt>f</dt>
  <data>
    4000. 0. 960. 0. 3375. 540. 0. 0. 1.</data></IntrinsicCam>
<DistortionCam type_id="opencv-matrix">
  <rows>1</rows>
  <cols>5</cols>
  <dt>f</dt>
  <data>
    0. 0. 0. 0. 0.</data></DistortionCam>
<RT type_id="opencv-matrix">
  <rows>4</rows>
  <cols>4</cols>
  <dt>f</dt>
  <data>
    4.88674283e-01 -8.72466326e-01 5.54571855e-09 -1.99256418e-03
    -2.86599934e-01 -1.60526514e-01 -9.44506109e-01 9.44505005e+02
    8.24049771e-01 4.61555898e-01 -3.28493923e-01 1.89334883e+04 0. 0.
    0. 1.</data></RT>
<R type_id="opencv-matrix">
  <rows>3</rows>
  <cols>3</cols>
  <dt>f</dt>
  <data>
    4.88674283e-01 -8.72466326e-01 5.54571855e-09 -2.86599934e-01
    -1.60526514e-01 -9.44506109e-01 8.24049771e-01 4.61555898e-01
    -3.28493923e-01</data></R>
<t type_id="opencv-matrix">
  <rows>3</rows>
  <cols>1</cols>
  <dt>f</dt>
  <data>
    -1.99256418e-03 9.44505005e+02 1.89334883e+04</data></t>
</opencv_storage>
