<?xml version="1.0"?>
<opencv_storage>
<P type_id="opencv-matrix">
  <rows>4</rows>
  <cols>4</cols>
  <dt>f</dt>
  <data>
    -1.63161829e+03 -3.77365234e+03 -1.37750366e+02 17532684.
    4.01727600e+01 -2.99908142e+01 -3.41755957e+03 13202212.
    7.93030918e-01 -5.92041194e-01 -1.43489957e-01 1.82632285e+04 0. 0.
    0. 1.</data></P>
<IntrinsicCam type_id="opencv-matrix">
  <rows>3</rows>
  <cols>3</cols>
  <dt>f</dt>
  <data>
    4000. 0. 960. 0. 3375. 540. 0. 0. 1.</data></IntrinsicCam>
<DistortionCam type_id="opencv-matrix">
  <rows>1</rows>
  <cols>5</cols>
  <dt>f</dt>
  <data>
    0. 0. 0. 0. 0.</data></DistortionCam>
<RT type_id="opencv-matrix">
  <rows>4</rows>
  <cols>4</cols>
  <dt>f</dt>
  <data>
    -5.98231971e-01 -8.01323175e-01 -3.38115314e-10 -3.90503276e-03
    -1.14981905e-01 8.58404264e-02 -9.89651859e-01 9.89649902e+02
    7.93030918e-01 -5.92041194e-01 -1.43489957e-01 1.82632285e+04 0. 0.
    0. 1.</data></RT>
<R type_id="opencv-matrix">
  <rows>3</rows>
  <cols>3</cols>
  <dt>f</dt>
  <data>
    -5.98231971e-01 -8.01323175e-01 -3.38115314e-10 -1.14981905e-01
    8.58404264e-02 -9.89651859e-01 7.93030918e-01 -5.92041194e-01
    -1.43489957e-01</data></R>
<t type_id="opencv-matrix">
  <rows>3</rows>
  <cols>1</cols>
  <dt>f</dt>
  <data>
    -3.90503276e-03 9.89649902e+02 1.82632285e+04</data></t>
</opencv_storage>
