<?xml version="1.0"?>
<opencv_storage>
<P type_id="opencv-matrix">
  <rows>4</rows>
  <cols>4</cols>
  <dt>f</dt>
  <data>
    3.31934766e+03 -2.40917944e+03 -3.15257233e+02 18181540.
    -4.49769012e+02 -3.94511353e+02 -3.36515869e+03 13414946.
    7.10085213e-01 6.22846007e-01 -3.28392863e-01 1.89391094e+04 0. 0.
    0. 1.</data></P>
<IntrinsicCam type_id="opencv-matrix">
  <rows>3</rows>
  <cols>3</cols>
  <dt>f</dt>
  <data>
    4000. 0. 960. 0. 3375. 540. 0. 0. 1.</data></IntrinsicCam>
<DistortionCam type_id="opencv-matrix">
  <rows>1</rows>
  <cols>5</cols>
  <dt>f</dt>
  <data>
    0. 0. 0. 0. 0.</data></DistortionCam>
<RT type_id="opencv-matrix">
  <rows>4</rows>
  <cols>4</cols>
  <dt>f</dt>
  <data>
    6.59416437e-01 -7.51777887e-01 -2.31488553e-08 -8.11936508e-04
    -2.46878520e-01 -2.16547623e-01 -9.44541216e-01 9.44541260e+02
    7.10085213e-01 6.22846007e-01 -3.28392863e-01 1.89391094e+04 0. 0.
    0. 1.</data></RT>
<R type_id="opencv-matrix">
  <rows>3</rows>
  <cols>3</cols>
  <dt>f</dt>
  <data>
    6.59416437e-01 -7.51777887e-01 -2.31488553e-08 -2.46878520e-01
    -2.16547623e-01 -9.44541216e-01 7.10085213e-01 6.22846007e-01
    -3.28392863e-01</data></R>
<t type_id="opencv-matrix">
  <rows>3</rows>
  <cols>1</cols>
  <dt>f</dt>
  <data>
    -8.11936508e-04 9.44541260e+02 1.89391094e+04</data></t>
</opencv_storage>
