<?xml version="1.0"?>
<opencv_storage>
<P type_id="opencv-matrix">
  <rows>4</rows>
  <cols>4</cols>
  <dt>f</dt>
  <data>
    3.74777441e+03 -1.66628076e+03 -3.15111908e+02 18189628.
    -3.57584106e+02 -4.78978455e+02 -3.36525464e+03 13419674.
    5.65086305e-01 7.56924689e-01 -3.28241587e-01 1.89475371e+04 0. 0.
    0. 1.</data></P>
<IntrinsicCam type_id="opencv-matrix">
  <rows>3</rows>
  <cols>3</cols>
  <dt>f</dt>
  <data>
    4000. 0. 960. 0. 3375. 540. 0. 0. 1.</data></IntrinsicCam>
<DistortionCam type_id="opencv-matrix">
  <rows>1</rows>
  <cols>5</cols>
  <dt>f</dt>
  <data>
    0. 0. 0. 0. 0.</data></DistortionCam>
<RT type_id="opencv-matrix">
  <rows>4</rows>
  <cols>4</cols>
  <dt>f</dt>
  <data>
    8.01322877e-01 -5.98232090e-01 5.24413934e-09 -1.99041935e-03
    -1.96364656e-01 -2.63027489e-01 -9.44593847e-01 9.44593750e+02
    5.65086305e-01 7.56924689e-01 -3.28241587e-01 1.89475371e+04 0. 0.
    0. 1.</data></RT>
<R type_id="opencv-matrix">
  <rows>3</rows>
  <cols>3</cols>
  <dt>f</dt>
  <data>
    8.01322877e-01 -5.98232090e-01 5.24413934e-09 -1.96364656e-01
    -2.63027489e-01 -9.44593847e-01 5.65086305e-01 7.56924689e-01
    -3.28241587e-01</data></R>
<t type_id="opencv-matrix">
  <rows>3</rows>
  <cols>1</cols>
  <dt>f</dt>
  <data>
    -1.99041935e-03 9.44593750e+02 1.89475371e+04</data></t>
</opencv_storage>
