<?xml version="1.0"?>
<opencv_storage>
<P type_id="opencv-matrix">
  <rows>4</rows>
  <cols>4</cols>
  <dt>f</dt>
  <data>
    3.90112524e+03 -1.26630420e+03 -3.15111877e+02 18189640.
    -3.05676758e+02 -5.13661621e+02 -3.36525464e+03 13419674.
    4.83057976e-01 8.11734200e-01 -3.28241527e-01 1.89475371e+04 0. 0.
    0. 1.</data></P>
<IntrinsicCam type_id="opencv-matrix">
  <rows>3</rows>
  <cols>3</cols>
  <dt>f</dt>
  <data>
    4000. 0. 960. 0. 3375. 540. 0. 0. 1.</data></IntrinsicCam>
<DistortionCam type_id="opencv-matrix">
  <rows>1</rows>
  <cols>5</cols>
  <dt>f</dt>
  <data>
    0. 0. 0. 0. 0.</data></DistortionCam>
<RT type_id="opencv-matrix">
  <rows>4</rows>
  <cols>4</cols>
  <dt>f</dt>
  <data>
    8.59347403e-01 -5.11392236e-01 1.35963241e-09 9.66893276e-04
    -1.67860165e-01 -2.82073498e-01 -9.44593787e-01 9.44593872e+02
    4.83057976e-01 8.11734200e-01 -3.28241527e-01 1.89475371e+04 0. 0.
    0. 1.</data></RT>
<R type_id="opencv-matrix">
  <rows>3</rows>
  <cols>3</cols>
  <dt>f</dt>
  <data>
    8.59347403e-01 -5.11392236e-01 1.35963241e-09 -1.67860165e-01
    -2.82073498e-01 -9.44593787e-01 4.83057976e-01 8.11734200e-01
    -3.28241527e-01</data></R>
<t type_id="opencv-matrix">
  <rows>3</rows>
  <cols>1</cols>
  <dt>f</dt>
  <data>
    9.66893276e-04 9.44593872e+02 1.89475371e+04</data></t>
</opencv_storage>
