<?xml version="1.0"?>
<opencv_storage>
<P type_id="opencv-matrix">
  <rows>4</rows>
  <cols>4</cols>
  <dt>f</dt>
  <data>
    4.01234912e+03 -8.50577637e+02 -3.14918243e+02 18200416.
    -2.49881149e+02 -5.42206421e+02 -3.36538281e+03 13425995.
    3.95388663e-01 8.57938230e-01 -3.28039914e-01 1.89587734e+04 0. 0.
    0. 1.</data></P>
<IntrinsicCam type_id="opencv-matrix">
  <rows>3</rows>
  <cols>3</cols>
  <dt>f</dt>
  <data>
    4000. 0. 960. 0. 3375. 540. 0. 0. 1.</data></IntrinsicCam>
<DistortionCam type_id="opencv-matrix">
  <rows>1</rows>
  <cols>5</cols>
  <dt>f</dt>
  <data>
    0. 0. 0. 0. 0.</data></DistortionCam>
<RT type_id="opencv-matrix">
  <rows>4</rows>
  <cols>4</cols>
  <dt>f</dt>
  <data>
    9.08193946e-01 -4.18549597e-01 1.55582285e-08 -1.57548802e-03
    -1.37301043e-01 -2.97923863e-01 -9.44664061e-01 9.44668701e+02
    3.95388663e-01 8.57938230e-01 -3.28039914e-01 1.89587734e+04 0. 0.
    0. 1.</data></RT>
<R type_id="opencv-matrix">
  <rows>3</rows>
  <cols>3</cols>
  <dt>f</dt>
  <data>
    9.08193946e-01 -4.18549597e-01 1.55582285e-08 -1.37301043e-01
    -2.97923863e-01 -9.44664061e-01 3.95388663e-01 8.57938230e-01
    -3.28039914e-01</data></R>
<t type_id="opencv-matrix">
  <rows>3</rows>
  <cols>1</cols>
  <dt>f</dt>
  <data>
    -1.57548802e-03 9.44668701e+02 1.89587734e+04</data></t>
</opencv_storage>
