<?xml version="1.0"?>
<opencv_storage>
<P type_id="opencv-matrix">
  <rows>4</rows>
  <cols>4</cols>
  <dt>f</dt>
  <data>
    4.07914893e+03 -4.27502258e+02 -3.15257141e+02 18181546.
    -1.92361877e+02 -5.66505005e+02 -3.36515894e+03 13414950.
    3.03696692e-01 8.94386113e-01 -3.28392774e-01 1.89391113e+04 0. 0.
    0. 1.</data></P>
<IntrinsicCam type_id="opencv-matrix">
  <rows>3</rows>
  <cols>3</cols>
  <dt>f</dt>
  <data>
    4000. 0. 960. 0. 3375. 540. 0. 0. 1.</data></IntrinsicCam>
<DistortionCam type_id="opencv-matrix">
  <rows>1</rows>
  <cols>5</cols>
  <dt>f</dt>
  <data>
    0. 0. 0. 0. 0.</data></DistortionCam>
<RT type_id="opencv-matrix">
  <rows>4</rows>
  <cols>4</cols>
  <dt>f</dt>
  <data>
    9.46900010e-01 -3.21528226e-01 -1.95052081e-08 1.38713760e-04
    -1.05587579e-01 -3.10955107e-01 -9.44541276e-01 9.44542297e+02
    3.03696692e-01 8.94386113e-01 -3.28392774e-01 1.89391113e+04 0. 0.
    0. 1.</data></RT>
<R type_id="opencv-matrix">
  <rows>3</rows>
  <cols>3</cols>
  <dt>f</dt>
  <data>
    9.46900010e-01 -3.21528226e-01 -1.95052081e-08 -1.05587579e-01
    -3.10955107e-01 -9.44541276e-01 3.03696692e-01 8.94386113e-01
    -3.28392774e-01</data></R>
<t type_id="opencv-matrix">
  <rows>3</rows>
  <cols>1</cols>
  <dt>f</dt>
  <data>
    1.38713760e-04 9.44542297e+02 1.89391113e+04</data></t>
</opencv_storage>
