<?xml version="1.0"?>
<opencv_storage>
<P type_id="opencv-matrix">
  <rows>4</rows>
  <cols>4</cols>
  <dt>f</dt>
  <data>
    4.07887427e+03 4.30042694e+02 -3.15354004e+02 18176152.
    -7.03980408e+01 -5.94479248e+02 -3.36509521e+03 13411802.
    1.11071967e-01 9.37952578e-01 -3.28493714e-01 1.89334922e+04 0. 0.
    0. 1.</data></P>
<IntrinsicCam type_id="opencv-matrix">
  <rows>3</rows>
  <cols>3</cols>
  <dt>f</dt>
  <data>
    4000. 0. 960. 0. 3375. 540. 0. 0. 1.</data></IntrinsicCam>
<DistortionCam type_id="opencv-matrix">
  <rows>1</rows>
  <cols>5</cols>
  <dt>f</dt>
  <data>
    0. 0. 0. 0. 0.</data></DistortionCam>
<RT type_id="opencv-matrix">
  <rows>4</rows>
  <cols>4</cols>
  <dt>f</dt>
  <data>
    9.93061304e-01 -1.17597938e-01 -6.65180977e-09 -1.96835434e-04
    -3.86301950e-02 -3.26214403e-01 -9.44506228e-01 9.44508362e+02
    1.11071967e-01 9.37952578e-01 -3.28493714e-01 1.89334922e+04 0. 0.
    0. 1.</data></RT>
<R type_id="opencv-matrix">
  <rows>3</rows>
  <cols>3</cols>
  <dt>f</dt>
  <data>
    9.93061304e-01 -1.17597938e-01 -6.65180977e-09 -3.86301950e-02
    -3.26214403e-01 -9.44506228e-01 1.11071967e-01 9.37952578e-01
    -3.28493714e-01</data></R>
<t type_id="opencv-matrix">
  <rows>3</rows>
  <cols>1</cols>
  <dt>f</dt>
  <data>
    -1.96835434e-04 9.44508362e+02 1.89334922e+04</data></t>
</opencv_storage>
