<?xml version="1.0"?>
<opencv_storage>
<P type_id="opencv-matrix">
  <rows>4</rows>
  <cols>4</cols>
  <dt>f</dt>
  <data>
    4.01147217e+03 8.54898132e+02 -3.14388641e+02 18230038.
    -7.74846172e+00 -5.95000244e+02 -3.36573022e+03 13443278.
    1.23034492e-02 9.44775224e-01 -3.27488154e-01 1.89896230e+04 0. 0.
    0. 1.</data></P>
<IntrinsicCam type_id="opencv-matrix">
  <rows>3</rows>
  <cols>3</cols>
  <dt>f</dt>
  <data>
    4000. 0. 960. 0. 3375. 540. 0. 0. 1.</data></IntrinsicCam>
<DistortionCam type_id="opencv-matrix">
  <rows>1</rows>
  <cols>5</cols>
  <dt>f</dt>
  <data>
    0. 0. 0. 0. 0.</data></DistortionCam>
<RT type_id="opencv-matrix">
  <rows>4</rows>
  <cols>4</cols>
  <dt>f</dt>
  <data>
    9.99915242e-01 -1.30215166e-02 5.68531777e-10 2.64743921e-05
    -4.26439242e-03 -3.27460408e-01 -9.44855332e-01 9.44853882e+02
    1.23034492e-02 9.44775224e-01 -3.27488154e-01 1.89896230e+04 0. 0.
    0. 1.</data></RT>
<R type_id="opencv-matrix">
  <rows>3</rows>
  <cols>3</cols>
  <dt>f</dt>
  <data>
    9.99915242e-01 -1.30215166e-02 5.68531777e-10 -4.26439242e-03
    -3.27460408e-01 -9.44855332e-01 1.23034492e-02 9.44775224e-01
    -3.27488154e-01</data></R>
<t type_id="opencv-matrix">
  <rows>3</rows>
  <cols>1</cols>
  <dt>f</dt>
  <data>
    2.64743921e-05 9.44853882e+02 1.89896230e+04</data></t>
</opencv_storage>
