<?xml version="1.0"?>
<opencv_storage>
<P type_id="opencv-matrix">
  <rows>4</rows>
  <cols>4</cols>
  <dt>f</dt>
  <data>
    3.90028125e+03 1.26882935e+03 -3.15402588e+02 18173454.
    5.47797737e+01 -5.96302368e+02 -3.36506299e+03 13410218.
    -8.64023343e-02 9.40528214e-01 -3.28544348e-01 1.89306816e+04 0. 0.
    0. 1.</data></P>
<IntrinsicCam type_id="opencv-matrix">
  <rows>3</rows>
  <cols>3</cols>
  <dt>f</dt>
  <data>
    4000. 0. 960. 0. 3375. 540. 0. 0. 1.</data></IntrinsicCam>
<DistortionCam type_id="opencv-matrix">
  <rows>1</rows>
  <cols>5</cols>
  <dt>f</dt>
  <data>
    0. 0. 0. 0. 0.</data></DistortionCam>
<RT type_id="opencv-matrix">
  <rows>4</rows>
  <cols>4</cols>
  <dt>f</dt>
  <data>
    9.95806873e-01 9.14805532e-02 -1.08530163e-09 1.29788576e-04
    3.00554167e-02 -3.27166706e-01 -9.44488585e-01 9.44488770e+02
    -8.64023343e-02 9.40528214e-01 -3.28544348e-01 1.89306816e+04 0. 0.
    0. 1.</data></RT>
<R type_id="opencv-matrix">
  <rows>3</rows>
  <cols>3</cols>
  <dt>f</dt>
  <data>
    9.95806873e-01 9.14805532e-02 -1.08530163e-09 3.00554167e-02
    -3.27166706e-01 -9.44488585e-01 -8.64023343e-02 9.40528214e-01
    -3.28544348e-01</data></R>
<t type_id="opencv-matrix">
  <rows>3</rows>
  <cols>1</cols>
  <dt>f</dt>
  <data>
    1.29788576e-04 9.44488770e+02 1.89306816e+04</data></t>
</opencv_storage>
