<?xml version="1.0"?>
<opencv_storage>
<P type_id="opencv-matrix">
  <rows>4</rows>
  <cols>4</cols>
  <dt>f</dt>
  <data>
    3.74617505e+03 1.67003076e+03 -3.14277954e+02 18236234.
    1.16008446e+02 -5.83213989e+02 -3.36580298e+03 13446906.
    -1.84339806e-01 9.26739454e-01 -3.27372849e-01 1.89960742e+04 0. 0.
    0. 1.</data></P>
<IntrinsicCam type_id="opencv-matrix">
  <rows>3</rows>
  <cols>3</cols>
  <dt>f</dt>
  <data>
    4000. 0. 960. 0. 3375. 540. 0. 0. 1.</data></IntrinsicCam>
<DistortionCam type_id="opencv-matrix">
  <rows>1</rows>
  <cols>5</cols>
  <dt>f</dt>
  <data>
    0. 0. 0. 0. 0.</data></DistortionCam>
<RT type_id="opencv-matrix">
  <rows>4</rows>
  <cols>4</cols>
  <dt>f</dt>
  <data>
    9.80785310e-01 1.95090204e-01 -1.05223874e-08 3.18971928e-04
    6.38672411e-02 -3.21082473e-01 -9.44895327e-01 9.44896729e+02
    -1.84339806e-01 9.26739454e-01 -3.27372849e-01 1.89960742e+04 0. 0.
    0. 1.</data></RT>
<R type_id="opencv-matrix">
  <rows>3</rows>
  <cols>3</cols>
  <dt>f</dt>
  <data>
    9.80785310e-01 1.95090204e-01 -1.05223874e-08 6.38672411e-02
    -3.21082473e-01 -9.44895327e-01 -1.84339806e-01 9.26739454e-01
    -3.27372849e-01</data></R>
<t type_id="opencv-matrix">
  <rows>3</rows>
  <cols>1</cols>
  <dt>f</dt>
  <data>
    3.18971928e-04 9.44896729e+02 1.89960742e+04</data></t>
</opencv_storage>
