<?xml version="1.0"?>
<opencv_storage>
<P type_id="opencv-matrix">
  <rows>4</rows>
  <cols>4</cols>
  <dt>f</dt>
  <data>
    3.55115991e+03 2.05216577e+03 -3.15402496e+02 18173454.
    1.77584930e+02 -5.71874695e+02 -3.36506274e+03 13410222.
    -2.80098975e-01 9.01999593e-01 -3.28544259e-01 1.89306816e+04 0. 0.
    0. 1.</data></P>
<IntrinsicCam type_id="opencv-matrix">
  <rows>3</rows>
  <cols>3</cols>
  <dt>f</dt>
  <data>
    4000. 0. 960. 0. 3375. 540. 0. 0. 1.</data></IntrinsicCam>
<DistortionCam type_id="opencv-matrix">
  <rows>1</rows>
  <cols>5</cols>
  <dt>f</dt>
  <data>
    0. 0. 0. 0. 0.</data></DistortionCam>
<RT type_id="opencv-matrix">
  <rows>4</rows>
  <cols>4</cols>
  <dt>f</dt>
  <data>
    9.55013752e-01 2.96561539e-01 3.45533735e-09 -2.45730662e-05
    9.74335968e-02 -3.13764274e-01 -9.44488585e-01 9.44490234e+02
    -2.80098975e-01 9.01999593e-01 -3.28544259e-01 1.89306816e+04 0. 0.
    0. 1.</data></RT>
<R type_id="opencv-matrix">
  <rows>3</rows>
  <cols>3</cols>
  <dt>f</dt>
  <data>
    9.55013752e-01 2.96561539e-01 3.45533735e-09 9.74335968e-02
    -3.13764274e-01 -9.44488585e-01 -2.80098975e-01 9.01999593e-01
    -3.28544259e-01</data></R>
<t type_id="opencv-matrix">
  <rows>3</rows>
  <cols>1</cols>
  <dt>f</dt>
  <data>
    -2.45730662e-05 9.44490234e+02 1.89306816e+04</data></t>
</opencv_storage>
