<?xml version="1.0"?>
<opencv_storage>
<P type_id="opencv-matrix">
  <rows>4</rows>
  <cols>4</cols>
  <dt>f</dt>
  <data>
    3.31727173e+03 2.41214990e+03 -3.14388855e+02 18230040.
    2.34855286e+02 -5.46743347e+02 -3.36572998e+03 13443276.
    -3.72916847e-01 8.68150055e-01 -3.27488154e-01 1.89896230e+04 0. 0.
    0. 1.</data></P>
<IntrinsicCam type_id="opencv-matrix">
  <rows>3</rows>
  <cols>3</cols>
  <dt>f</dt>
  <data>
    4000. 0. 960. 0. 3375. 540. 0. 0. 1.</data></IntrinsicCam>
<DistortionCam type_id="opencv-matrix">
  <rows>1</rows>
  <cols>5</cols>
  <dt>f</dt>
  <data>
    0. 0. 0. 0. 0.</data></DistortionCam>
<RT type_id="opencv-matrix">
  <rows>4</rows>
  <cols>4</cols>
  <dt>f</dt>
  <data>
    9.18817997e-01 3.94681454e-01 -5.21020453e-08 3.70530295e-04
    1.29253447e-01 -3.00902039e-01 -9.44855273e-01 9.44853149e+02
    -3.72916847e-01 8.68150055e-01 -3.27488154e-01 1.89896230e+04 0. 0.
    0. 1.</data></RT>
<R type_id="opencv-matrix">
  <rows>3</rows>
  <cols>3</cols>
  <dt>f</dt>
  <data>
    9.18817997e-01 3.94681454e-01 -5.21020453e-08 1.29253447e-01
    -3.00902039e-01 -9.44855273e-01 -3.72916847e-01 8.68150055e-01
    -3.27488154e-01</data></R>
<t type_id="opencv-matrix">
  <rows>3</rows>
  <cols>1</cols>
  <dt>f</dt>
  <data>
    3.70530295e-04 9.44853149e+02 1.89896230e+04</data></t>
</opencv_storage>
