<?xml version="1.0"?>
<opencv_storage>
<P type_id="opencv-matrix">
  <rows>4</rows>
  <cols>4</cols>
  <dt>f</dt>
  <data>
    3.04677173e+03 2.74578491e+03 -3.15354065e+02 18176154.
    2.92536713e+02 -5.22287354e+02 -3.36509497e+03 13411794.
    -4.61555809e-01 8.24049830e-01 -3.28493804e-01 1.89334922e+04 0. 0.
    0. 1.</data></P>
<IntrinsicCam type_id="opencv-matrix">
  <rows>3</rows>
  <cols>3</cols>
  <dt>f</dt>
  <data>
    4000. 0. 960. 0. 3375. 540. 0. 0. 1.</data></IntrinsicCam>
<DistortionCam type_id="opencv-matrix">
  <rows>1</rows>
  <cols>5</cols>
  <dt>f</dt>
  <data>
    0. 0. 0. 0. 0.</data></DistortionCam>
<RT type_id="opencv-matrix">
  <rows>4</rows>
  <cols>4</cols>
  <dt>f</dt>
  <data>
    8.72466326e-01 4.88674253e-01 4.88991903e-10 4.84803721e-04
    1.60526469e-01 -2.86599785e-01 -9.44506168e-01 9.44506226e+02
    -4.61555809e-01 8.24049830e-01 -3.28493804e-01 1.89334922e+04 0. 0.
    0. 1.</data></RT>
<R type_id="opencv-matrix">
  <rows>3</rows>
  <cols>3</cols>
  <dt>f</dt>
  <data>
    8.72466326e-01 4.88674253e-01 4.88991903e-10 1.60526469e-01
    -2.86599785e-01 -9.44506168e-01 -4.61555809e-01 8.24049830e-01
    -3.28493804e-01</data></R>
<t type_id="opencv-matrix">
  <rows>3</rows>
  <cols>1</cols>
  <dt>f</dt>
  <data>
    4.84803721e-04 9.44506226e+02 1.89334922e+04</data></t>
</opencv_storage>
