<?xml version="1.0"?>
<opencv_storage>
<P type_id="opencv-matrix">
  <rows>4</rows>
  <cols>4</cols>
  <dt>f</dt>
  <data>
    2.40918066e+03 3.31934741e+03 -3.15256683e+02 18181558.
    3.94511139e+02 -4.49767792e+02 -3.36515967e+03 13414968.
    -6.22845829e-01 7.10085750e-01 -3.28392535e-01 1.89391172e+04 0. 0.
    0. 1.</data></P>
<IntrinsicCam type_id="opencv-matrix">
  <rows>3</rows>
  <cols>3</cols>
  <dt>f</dt>
  <data>
    4000. 0. 960. 0. 3375. 540. 0. 0. 1.</data></IntrinsicCam>
<DistortionCam type_id="opencv-matrix">
  <rows>1</rows>
  <cols>5</cols>
  <dt>f</dt>
  <data>
    0. 0. 0. 0. 0.</data></DistortionCam>
<RT type_id="opencv-matrix">
  <rows>4</rows>
  <cols>4</cols>
  <dt>f</dt>
  <data>
    7.51778126e-01 6.59416258e-01 3.79396496e-08 1.68331235e-03
    2.16547519e-01 -2.46878251e-01 -9.44541514e-01 9.44546631e+02
    -6.22845829e-01 7.10085750e-01 -3.28392535e-01 1.89391172e+04 0. 0.
    0. 1.</data></RT>
<R type_id="opencv-matrix">
  <rows>3</rows>
  <cols>3</cols>
  <dt>f</dt>
  <data>
    7.51778126e-01 6.59416258e-01 3.79396496e-08 2.16547519e-01
    -2.46878251e-01 -9.44541514e-01 -6.22845829e-01 7.10085750e-01
    -3.28392535e-01</data></R>
<t type_id="opencv-matrix">
  <rows>3</rows>
  <cols>1</cols>
  <dt>f</dt>
  <data>
    1.68331235e-03 9.44546631e+02 1.89391172e+04</data></t>
</opencv_storage>
