<?xml version="1.0"?>
<opencv_storage>
<P type_id="opencv-matrix">
  <rows>4</rows>
  <cols>4</cols>
  <dt>f</dt>
  <data>
    2.04969434e+03 3.55263013e+03 -3.14918365e+02 18200426.
    4.38353546e+02 -4.05308411e+02 -3.36538232e+03 13425983.
    -6.93610013e-01 6.41322851e-01 -3.28040004e-01 1.89587734e+04 0. 0.
    0. 1.</data></P>
<IntrinsicCam type_id="opencv-matrix">
  <rows>3</rows>
  <cols>3</cols>
  <dt>f</dt>
  <data>
    4000. 0. 960. 0. 3375. 540. 0. 0. 1.</data></IntrinsicCam>
<DistortionCam type_id="opencv-matrix">
  <rows>1</rows>
  <cols>5</cols>
  <dt>f</dt>
  <data>
    0. 0. 0. 0. 0.</data></DistortionCam>
<RT type_id="opencv-matrix">
  <rows>4</rows>
  <cols>4</cols>
  <dt>f</dt>
  <data>
    6.78889990e-01 7.34240055e-01 8.34347524e-09 9.17226833e-04
    2.40860134e-01 -2.22703040e-01 -9.44663882e-01 9.44665283e+02
    -6.93610013e-01 6.41322851e-01 -3.28040004e-01 1.89587734e+04 0. 0.
    0. 1.</data></RT>
<R type_id="opencv-matrix">
  <rows>3</rows>
  <cols>3</cols>
  <dt>f</dt>
  <data>
    6.78889990e-01 7.34240055e-01 8.34347524e-09 2.40860134e-01
    -2.22703040e-01 -9.44663882e-01 -6.93610013e-01 6.41322851e-01
    -3.28040004e-01</data></R>
<t type_id="opencv-matrix">
  <rows>3</rows>
  <cols>1</cols>
  <dt>f</dt>
  <data>
    9.17226833e-04 9.44665283e+02 1.89587734e+04</data></t>
</opencv_storage>
