<?xml version="1.0"?>
<opencv_storage>
<P type_id="opencv-matrix">
  <rows>4</rows>
  <cols>4</cols>
  <dt>f</dt>
  <data>
    1.26630493e+03 3.90112524e+03 -3.15111633e+02 18189642.
    5.13661621e+02 -3.05676483e+02 -3.36525488e+03 13419679.
    -8.11734200e-01 4.83058184e-01 -3.28241438e-01 1.89475410e+04 0. 0.
    0. 1.</data></P>
<IntrinsicCam type_id="opencv-matrix">
  <rows>3</rows>
  <cols>3</cols>
  <dt>f</dt>
  <data>
    4000. 0. 960. 0. 3375. 540. 0. 0. 1.</data></IntrinsicCam>
<DistortionCam type_id="opencv-matrix">
  <rows>1</rows>
  <cols>5</cols>
  <dt>f</dt>
  <data>
    0. 0. 0. 0. 0.</data></DistortionCam>
<RT type_id="opencv-matrix">
  <rows>4</rows>
  <cols>4</cols>
  <dt>f</dt>
  <data>
    5.11392415e-01 8.59347343e-01 3.64474708e-08 7.17361690e-04
    2.82073498e-01 -1.67860121e-01 -9.44593906e-01 9.44594604e+02
    -8.11734200e-01 4.83058184e-01 -3.28241438e-01 1.89475410e+04 0. 0.
    0. 1.</data></RT>
<R type_id="opencv-matrix">
  <rows>3</rows>
  <cols>3</cols>
  <dt>f</dt>
  <data>
    5.11392415e-01 8.59347343e-01 3.64474708e-08 2.82073498e-01
    -1.67860121e-01 -9.44593906e-01 -8.11734200e-01 4.83058184e-01
    -3.28241438e-01</data></R>
<t type_id="opencv-matrix">
  <rows>3</rows>
  <cols>1</cols>
  <dt>f</dt>
  <data>
    7.17361690e-04 9.44594604e+02 1.89475410e+04</data></t>
</opencv_storage>
